0 1 4
0 2 10
0 4 1
0 5 5
0 6 3
0 9 3
0 10 6
0 12 3
0 13 8
0 14 10
0 15 1
0 16 2
0 19 3
0 20 2
0 24 10
0 26 7
0 29 7
0 33 2
0 35 6
0 39 2
0 40 9
0 41 10
0 42 1
0 43 8
0 44 3
0 47 10
0 48 7
0 51 9
0 52 5
0 53 9
0 54 8
0 56 2
0 57 1
0 61 8
0 65 7
0 67 4
0 72 3
0 74 8
0 77 10
0 80 4
0 82 10
0 84 4
0 85 4
0 89 9
0 90 4
0 92 10
0 94 5
0 95 6
0 97 5
0 98 5
0 99 4
1 4 9
1 6 2
1 7 6
1 9 4
1 11 6
1 12 10
1 14 8
1 15 6
1 16 4
1 18 9
1 20 5
1 21 9
1 22 3
1 23 3
1 25 8
1 26 9
1 30 9
1 31 5
1 33 10
1 34 1
1 35 9
1 36 6
1 37 4
1 38 8
1 43 7
1 44 1
1 47 4
1 49 7
1 50 1
1 52 7
1 53 6
1 55 2
1 56 10
1 57 1
1 60 9
1 61 7
1 62 10
1 64 8
1 66 2
1 68 8
1 69 6
1 70 4
1 71 3
1 72 1
1 73 1
1 75 10
1 76 9
1 80 8
1 81 5
1 82 2
1 85 4
1 86 3
1 89 6
1 90 7
1 91 4
1 92 7
1 93 4
1 95 5
1 96 3
1 98 5
1 99 9
1 0 7
2 3 6
2 5 3
2 6 9
2 7 7
2 14 6
2 16 5
2 17 9
2 20 3
2 21 7
2 23 9
2 24 2
2 26 9
2 28 10
2 29 6
2 31 5
2 36 8
2 37 2
2 38 8
2 39 4
2 40 1
2 42 4
2 43 1
2 48 6
2 50 10
2 51 5
2 52 7
2 54 10
2 55 9
2 58 4
2 61 5
2 62 6
2 63 10
2 65 3
2 66 10
2 68 1
2 71 3
2 72 5
2 74 9
2 75 10
2 80 2
2 81 2
2 82 3
2 83 3
2 84 8
2 87 3
2 88 1
2 93 8
2 95 4
2 96 2
2 99 8
2 1 9
3 9 10
3 10 7
3 11 8
3 13 7
3 14 8
3 15 5
3 17 1
3 18 1
3 20 5
3 21 2
3 24 10
3 26 1
3 28 7
3 29 4
3 30 5
3 31 1
3 36 8
3 37 2
3 39 4
3 51 1
3 53 6
3 59 2
3 60 9
3 62 4
3 63 5
3 64 6
3 67 6
3 72 2
3 75 7
3 76 9
3 82 5
3 85 6
3 86 2
3 87 4
3 91 5
3 93 7
3 94 3
3 96 1
3 99 5
3 2 2
4 6 10
4 7 3
4 8 9
4 10 6
4 11 6
4 12 3
4 13 6
4 14 6
4 16 1
4 18 9
4 20 1
4 23 4
4 24 4
4 27 1
4 30 2
4 31 3
4 36 5
4 38 4
4 39 7
4 40 9
4 41 7
4 42 10
4 43 5
4 45 9
4 46 8
4 48 6
4 49 1
4 51 7
4 53 9
4 54 7
4 57 7
4 59 9
4 60 2
4 62 6
4 64 3
4 70 1
4 71 1
4 72 5
4 74 6
4 75 8
4 76 6
4 82 9
4 83 10
4 84 4
4 85 6
4 86 8
4 87 5
4 89 2
4 90 9
4 92 4
4 97 7
4 98 5
4 2 9
5 6 7
5 7 4
5 8 6
5 9 4
5 13 7
5 16 5
5 20 4
5 24 9
5 25 9
5 27 10
5 28 1
5 29 6
5 32 1
5 33 1
5 38 9
5 42 3
5 46 10
5 47 2
5 48 1
5 49 5
5 50 4
5 53 10
5 54 6
5 55 7
5 57 10
5 60 7
5 62 1
5 63 5
5 67 2
5 70 2
5 72 2
5 73 7
5 74 4
5 77 2
5 81 9
5 83 4
5 84 5
5 85 7
5 90 9
5 91 7
5 95 10
5 98 2
5 99 10
5 1 6
5 2 4
6 8 1
6 11 6
6 12 7
6 17 3
6 19 3
6 20 1
6 21 2
6 22 8
6 25 1
6 26 5
6 30 7
6 34 5
6 36 5
6 37 7
6 39 8
6 40 7
6 42 8
6 43 8
6 45 3
6 46 8
6 47 3
6 48 9
6 55 6
6 56 7
6 57 3
6 59 5
6 60 10
6 62 2
6 63 6
6 65 2
6 68 9
6 72 6
6 73 10
6 76 2
6 78 1
6 79 2
6 81 8
6 83 3
6 85 2
6 86 5
6 88 4
6 89 9
6 90 6
6 91 1
6 97 10
6 98 6
6 99 1
6 0 1
6 1 4
6 2 1
6 4 4
7 8 4
7 11 9
7 12 7
7 13 3
7 14 2
7 16 2
7 18 7
7 20 7
7 21 7
7 23 4
7 24 10
7 25 9
7 26 4
7 27 7
7 29 7
7 30 6
7 31 3
7 36 10
7 39 7
7 41 3
7 42 9
7 43 5
7 44 6
7 47 4
7 48 4
7 51 4
7 54 7
7 55 2
7 58 5
7 60 9
7 61 8
7 62 5
7 63 1
7 65 8
7 66 1
7 67 7
7 68 10
7 69 1
7 73 4
7 76 1
7 77 9
7 78 3
7 79 6
7 81 2
7 82 8
7 84 8
7 86 3
7 87 8
7 88 1
7 91 3
7 92 9
7 94 10
7 96 8
7 97 4
7 98 10
7 99 9
7 2 5
7 3 6
7 4 6
8 9 10
8 10 6
8 13 3
8 14 3
8 15 1
8 18 2
8 19 3
8 21 5
8 23 3
8 24 9
8 27 3
8 30 10
8 35 9
8 38 3
8 39 5
8 42 6
8 45 7
8 48 10
8 49 7
8 53 8
8 54 3
8 56 8
8 61 1
8 63 3
8 64 8
8 68 7
8 69 7
8 71 3
8 72 4
8 74 9
8 75 10
8 80 5
8 81 1
8 82 8
8 84 7
8 85 5
8 87 10
8 89 10
8 90 7
8 94 5
8 95 6
8 96 2
8 1 3
8 4 5
8 6 3
8 7 4
9 12 5
9 14 2
9 20 1
9 23 10
9 24 5
9 25 8
9 28 3
9 30 3
9 32 10
9 34 7
9 39 10
9 40 4
9 41 7
9 42 3
9 43 5
9 47 7
9 50 10
9 51 8
9 53 9
9 54 7
9 57 10
9 58 5
9 59 7
9 62 3
9 64 8
9 72 8
9 77 10
9 78 7
9 81 5
9 82 3
9 83 9
9 86 7
9 89 10
9 90 3
9 91 1
9 95 6
9 96 1
9 97 6
9 0 3
9 1 3
9 2 2
9 3 4
9 4 5
10 11 7
10 13 4
10 17 6
10 19 8
10 21 4
10 22 2
10 23 10
10 25 4
10 26 7
10 28 7
10 30 1
10 33 5
10 34 6
10 43 7
10 45 3
10 46 1
10 49 6
10 50 5
10 51 9
10 52 7
10 53 3
10 54 9
10 58 6
10 59 5
10 61 7
10 62 10
10 63 3
10 64 10
10 65 10
10 66 7
10 67 1
10 69 3
10 70 5
10 71 3
10 72 10
10 75 10
10 76 3
10 77 10
10 78 3
10 82 4
10 83 7
10 84 4
10 85 8
10 87 5
10 88 8
10 89 5
10 90 10
10 91 6
10 93 1
10 94 10
10 96 6
10 97 2
10 98 8
10 99 6
10 1 9
10 4 7
10 5 6
10 6 1
10 8 3
10 9 3
11 15 5
11 18 5
11 20 6
11 21 10
11 26 5
11 32 7
11 33 6
11 34 6
11 35 1
11 37 6
11 38 4
11 40 9
11 43 10
11 44 7
11 45 6
11 47 6
11 50 5
11 51 8
11 52 2
11 53 4
11 54 10
11 56 7
11 57 3
11 59 3
11 61 2
11 62 4
11 65 10
11 67 5
11 68 5
11 70 3
11 72 5
11 75 10
11 76 10
11 77 6
11 79 4
11 80 6
11 82 2
11 92 3
11 94 9
11 95 5
11 96 4
11 98 10
11 99 7
11 0 9
11 1 8
11 4 3
11 7 1
11 8 3
11 9 10
11 10 7
12 15 7
12 16 6
12 17 2
12 18 1
12 19 1
12 21 7
12 23 6
12 28 3
12 30 8
12 31 1
12 34 2
12 35 2
12 37 6
12 40 10
12 43 1
12 45 10
12 46 3
12 48 8
12 50 6
12 53 8
12 54 2
12 55 3
12 56 3
12 57 10
12 58 9
12 61 9
12 64 3
12 65 4
12 68 9
12 69 9
12 73 1
12 74 10
12 75 7
12 78 6
12 82 10
12 83 2
12 85 5
12 87 8
12 88 10
12 89 2
12 92 8
12 97 8
12 99 1
12 0 7
12 2 10
12 4 3
12 5 5
12 8 3
12 10 7
13 15 10
13 16 1
13 17 4
13 21 9
13 22 2
13 23 4
13 26 8
13 28 3
13 30 1
13 33 9
13 35 7
13 37 9
13 41 4
13 42 8
13 43 4
13 45 6
13 47 4
13 48 3
13 49 5
13 50 7
13 52 8
13 54 7
13 55 2
13 57 10
13 60 2
13 61 5
13 62 2
13 65 9
13 66 1
13 67 5
13 68 7
13 69 7
13 73 6
13 75 10
13 77 7
13 78 3
13 81 6
13 82 10
13 84 1
13 86 7
13 87 1
13 88 8
13 89 6
13 90 5
13 92 5
13 93 4
13 94 1
13 95 7
13 96 9
13 97 2
13 98 2
13 1 6
13 2 5
13 5 9
13 6 2
13 7 6
13 8 10
13 10 1
13 12 6
14 15 2
14 16 4
14 22 6
14 23 6
14 25 9
14 28 5
14 29 3
14 30 7
14 31 3
14 33 9
14 34 9
14 35 4
14 41 8
14 43 10
14 44 9
14 48 4
14 49 7
14 50 5
14 52 5
14 57 1
14 58 4
14 59 1
14 60 8
14 61 8
14 63 5
14 67 4
14 68 6
14 69 7
14 71 7
14 72 7
14 73 8
14 76 1
14 77 9
14 81 4
14 82 2
14 85 3
14 87 9
14 89 5
14 90 10
14 92 10
14 95 5
14 99 7
14 0 8
14 4 8
14 8 7
14 10 2
14 11 8
14 12 1
14 13 7
15 17 2
15 18 6
15 20 10
15 21 8
15 22 2
15 23 8
15 30 2
15 33 8
15 35 1
15 36 4
15 37 1
15 45 1
15 46 6
15 48 9
15 50 4
15 56 2
15 58 7
15 59 5
15 60 3
15 62 6
15 64 9
15 65 5
15 66 3
15 69 7
15 71 5
15 75 8
15 77 5
15 78 3
15 79 10
15 81 6
15 82 3
15 85 2
15 86 10
15 87 9
15 89 1
15 90 1
15 93 1
15 94 1
15 96 5
15 98 1
15 99 2
15 1 5
15 3 4
15 4 1
15 8 2
15 9 6
15 11 7
15 13 10
16 20 6
16 21 9
16 23 2
16 24 6
16 27 4
16 29 9
16 30 1
16 31 8
16 32 9
16 33 3
16 34 5
16 40 8
16 42 1
16 43 1
16 44 7
16 45 2
16 46 1
16 48 3
16 49 10
16 51 5
16 56 7
16 58 10
16 59 6
16 63 5
16 64 3
16 65 4
16 67 4
16 72 2
16 74 10
16 76 5
16 77 9
16 79 10
16 84 9
16 85 2
16 86 1
16 87 10
16 89 8
16 90 5
16 91 7
16 92 8
16 93 6
16 97 4
16 99 1
16 0 8
16 1 6
16 2 6
16 6 1
16 7 1
16 8 3
16 10 7
16 13 6
16 15 8
17 18 4
17 25 8
17 27 4
17 28 5
17 31 8
17 32 7
17 33 8
17 34 10
17 37 4
17 38 4
17 39 8
17 41 5
17 42 4
17 43 5
17 47 2
17 50 4
17 51 9
17 52 1
17 53 2
17 58 8
17 59 8
17 62 8
17 64 6
17 66 2
17 67 1
17 68 10
17 72 1
17 75 2
17 76 8
17 77 2
17 78 9
17 82 8
17 84 2
17 87 4
17 88 1
17 89 9
17 91 1
17 92 10
17 93 7
17 94 3
17 95 2
17 96 1
17 3 7
17 7 10
17 10 9
17 12 2
17 13 3
17 14 6
17 16 3
18 20 6
18 26 8
18 27 10
18 28 9
18 30 7
18 31 9
18 33 7
18 34 9
18 37 3
18 39 10
18 40 1
18 41 1
18 42 3
18 43 9
18 45 6
18 48 3
18 52 9
18 53 9
18 56 7
18 58 4
18 61 7
18 62 1
18 64 6
18 66 3
18 67 2
18 70 7
18 71 1
18 74 2
18 75 7
18 77 8
18 79 4
18 82 1
18 83 2
18 84 2
18 85 3
18 87 2
18 89 2
18 92 4
18 93 2
18 95 3
18 96 6
18 99 6
18 1 5
18 3 3
18 5 9
18 7 1
18 11 6
18 12 7
18 13 3
18 15 3
18 16 2
19 20 6
19 21 6
19 22 7
19 23 10
19 27 8
19 28 4
19 29 5
19 30 2
19 33 10
19 34 8
19 36 1
19 39 5
19 40 7
19 41 4
19 42 6
19 43 6
19 44 9
19 45 8
19 46 9
19 48 7
19 50 10
19 52 1
19 53 8
19 55 2
19 56 1
19 58 5
19 59 7
19 66 5
19 67 5
19 68 7
19 74 4
19 76 2
19 81 4
19 87 6
19 91 10
19 94 7
19 95 10
19 96 4
19 97 9
19 2 4
19 7 8
19 10 4
19 12 7
19 14 5
19 17 6
20 22 3
20 23 2
20 25 7
20 26 3
20 27 10
20 28 4
20 30 6
20 31 6
20 33 9
20 36 5
20 40 1
20 44 7
20 46 6
20 48 7
20 49 10
20 50 3
20 51 7
20 52 9
20 55 2
20 57 9
20 61 3
20 62 5
20 65 10
20 67 7
20 68 9
20 69 4
20 70 7
20 71 9
20 73 5
20 74 2
20 75 5
20 76 6
20 77 3
20 78 6
20 80 8
20 81 5
20 82 1
20 84 9
20 86 4
20 90 10
20 91 2
20 93 4
20 96 2
20 3 6
20 4 3
20 5 6
20 9 6
20 10 2
20 11 8
20 12 1
20 13 6
20 14 2
20 17 4
21 23 10
21 24 9
21 28 5
21 31 5
21 32 5
21 33 9
21 34 9
21 36 2
21 38 9
21 39 5
21 41 4
21 42 3
21 45 9
21 46 5
21 49 9
21 51 9
21 52 7
21 53 7
21 54 2
21 56 4
21 58 10
21 59 8
21 61 10
21 62 8
21 63 1
21 64 9
21 66 6
21 68 1
21 69 2
21 70 9
21 73 8
21 74 1
21 75 2
21 76 9
21 78 9
21 80 9
21 85 5
21 88 1
21 89 2
21 90 2
21 91 1
21 92 9
21 93 9
21 94 6
21 95 9
21 96 1
21 97 6
21 0 1
21 1 4
21 3 1
21 7 3
21 9 5
21 10 4
21 11 2
21 14 5
21 16 4
21 19 9
22 23 4
22 24 4
22 25 2
22 26 2
22 28 5
22 29 8
22 31 10
22 33 10
22 36 3
22 43 5
22 44 5
22 46 2
22 47 2
22 50 6
22 51 5
22 52 7
22 53 3
22 55 9
22 56 10
22 57 7
22 60 2
22 63 5
22 66 10
22 67 1
22 68 1
22 70 6
22 72 6
22 73 6
22 74 5
22 76 1
22 80 5
22 82 3
22 84 6
22 85 9
22 86 4
22 90 10
22 93 5
22 94 4
22 95 4
22 96 8
22 97 5
22 98 2
22 2 7
22 4 3
22 10 3
22 18 2
22 20 7
23 24 2
23 31 8
23 32 6
23 33 4
23 34 7
23 36 4
23 37 1
23 43 8
23 47 8
23 49 6
23 50 5
23 51 10
23 52 6
23 53 6
23 54 2
23 55 1
23 56 9
23 58 6
23 59 7
23 61 4
23 62 7
23 64 7
23 65 10
23 66 7
23 67 7
23 68 8
23 70 8
23 71 3
23 73 1
23 75 2
23 77 5
23 79 1
23 85 4
23 87 8
23 89 7
23 93 4
23 95 4
23 96 2
23 97 8
23 98 8
23 99 6
23 1 4
23 3 9
23 5 6
23 6 10
23 7 9
23 9 8
23 10 3
23 13 5
23 17 7
23 19 4
23 20 8
23 21 6
23 22 6
24 25 3
24 26 4
24 27 6
24 28 3
24 29 10
24 30 4
24 32 2
24 33 8
24 38 7
24 39 7
24 41 9
24 44 8
24 45 5
24 46 4
24 47 7
24 48 4
24 49 2
24 51 6
24 55 5
24 57 5
24 58 5
24 59 6
24 62 9
24 64 8
24 65 6
24 66 8
24 68 10
24 69 1
24 73 1
24 74 9
24 78 6
24 83 10
24 84 5
24 88 5
24 90 10
24 91 3
24 92 6
24 94 9
24 99 4
24 4 9
24 5 2
24 7 5
24 8 1
24 12 2
24 13 4
24 16 1
24 18 8
24 19 8
25 28 8
25 31 9
25 34 7
25 35 4
25 39 4
25 40 10
25 41 10
25 43 6
25 44 5
25 47 2
25 48 8
25 49 7
25 50 6
25 51 9
25 52 4
25 53 9
25 54 3
25 61 1
25 62 5
25 66 5
25 67 6
25 68 7
25 70 1
25 74 5
25 75 5
25 77 4
25 78 6
25 83 8
25 86 8
25 87 4
25 89 9
25 92 10
25 93 9
25 95 1
25 97 4
25 98 5
25 0 4
25 1 2
25 8 1
25 9 8
25 10 10
25 11 10
25 14 2
25 15 1
25 17 8
25 18 9
25 19 3
25 22 1
25 23 1
25 24 8
26 27 8
26 28 5
26 29 10
26 30 4
26 32 7
26 33 4
26 34 7
26 36 5
26 38 7
26 39 3
26 40 7
26 41 10
26 42 8
26 44 6
26 45 6
26 48 10
26 49 3
26 51 4
26 53 6
26 57 5
26 60 10
26 61 5
26 62 6
26 63 3
26 64 7
26 66 8
26 67 3
26 72 7
26 74 5
26 78 8
26 79 1
26 80 4
26 82 2
26 87 9
26 89 10
26 90 5
26 92 10
26 93 8
26 97 6
26 98 4
26 99 1
26 0 5
26 4 6
26 5 4
26 6 10
26 8 7
26 10 3
26 12 8
26 13 9
26 17 5
26 18 10
26 20 10
26 21 6
26 22 6
26 24 1
26 25 4
27 28 1
27 29 1
27 31 3
27 34 9
27 35 9
27 37 10
27 45 10
27 46 7
27 48 6
27 51 9
27 53 9
27 55 10
27 57 6
27 58 3
27 59 4
27 60 1
27 63 10
27 64 5
27 68 1
27 69 8
27 71 1
27 75 3
27 77 10
27 80 4
27 84 6
27 86 3
27 88 5
27 89 7
27 90 9
27 92 3
27 95 8
27 96 1
27 98 3
27 99 3
27 0 1
27 2 2
27 5 10
27 6 4
27 7 6
27 8 3
27 12 9
27 14 2
27 18 2
27 19 4
27 20 9
27 21 2
27 22 8
27 24 3
27 25 10
28 29 7
28 30 10
28 36 1
28 37 5
28 38 9
28 39 8
28 41 3
28 42 3
28 43 4
28 46 9
28 47 2
28 48 6
28 50 4
28 52 6
28 53 2
28 55 5
28 56 5
28 58 1
28 60 6
28 66 2
28 70 2
28 72 2
28 74 8
28 79 10
28 81 4
28 84 8
28 85 2
28 86 1
28 87 9
28 91 7
28 92 8
28 93 10
28 94 4
28 95 9
28 97 1
28 98 1
28 99 1
28 0 2
28 2 5
28 3 5
28 4 9
28 5 10
28 7 4
28 8 7
28 10 6
28 12 7
28 13 3
28 14 10
28 15 3
28 16 5
28 17 9
28 20 2
28 21 6
28 26 3
28 27 8
29 30 10
29 31 8
29 33 10
29 34 5
29 36 5
29 38 10
29 39 7
29 42 3
29 43 8
29 44 7
29 45 10
29 47 2
29 48 8
29 51 3
29 52 3
29 56 4
29 60 7
29 61 2
29 66 7
29 67 1
29 70 4
29 71 1
29 73 7
29 74 9
29 75 5
29 77 1
29 80 4
29 81 4
29 84 9
29 85 9
29 86 9
29 87 10
29 91 5
29 92 6
29 93 10
29 94 1
29 97 9
29 99 9
29 0 1
29 2 3
29 4 2
29 11 3
29 12 6
29 14 3
29 19 3
29 21 1
29 22 9
29 24 2
29 26 4
30 34 4
30 35 1
30 36 9
30 38 2
30 40 4
30 42 6
30 48 6
30 49 9
30 52 3
30 55 6
30 56 7
30 57 8
30 58 5
30 61 2
30 62 1
30 63 6
30 67 2
30 71 4
30 74 3
30 75 10
30 78 2
30 80 1
30 82 5
30 83 9
30 84 7
30 85 7
30 88 2
30 89 4
30 91 1
30 92 1
30 93 10
30 97 7
30 99 8
30 0 9
30 2 9
30 3 2
30 5 6
30 6 8
30 7 1
30 10 8
30 12 4
30 13 5
30 14 5
30 15 10
30 16 4
30 22 6
30 23 4
30 24 8
30 25 1
30 27 2
30 29 6
31 33 5
31 36 6
31 37 2
31 45 3
31 46 5
31 47 2
31 49 4
31 52 1
31 54 1
31 55 7
31 56 8
31 59 2
31 60 4
31 61 9
31 62 7
31 63 3
31 64 10
31 65 8
31 66 6
31 67 6
31 68 1
31 72 10
31 73 2
31 78 3
31 80 2
31 83 10
31 85 6
31 88 3
31 89 3
31 90 9
31 91 2
31 94 9
31 98 6
31 99 7
31 1 3
31 6 9
31 8 1
31 10 3
31 12 2
31 16 3
31 25 1
31 29 1
31 30 4
32 33 2
32 35 9
32 36 4
32 38 7
32 40 8
32 41 9
32 43 4
32 45 1
32 47 10
32 48 7
32 50 2
32 51 6
32 52 5
32 53 6
32 55 2
32 56 4
32 58 7
32 61 10
32 62 10
32 63 10
32 66 1
32 68 1
32 69 5
32 70 1
32 71 1
32 72 1
32 73 5
32 74 9
32 75 10
32 78 2
32 79 2
32 82 7
32 83 4
32 87 2
32 89 2
32 93 5
32 96 1
32 97 10
32 98 2
32 0 1
32 2 9
32 3 8
32 6 8
32 8 5
32 10 9
32 12 8
32 15 1
32 16 8
32 17 3
32 21 9
32 22 10
32 23 3
32 26 10
32 28 10
32 29 6
32 31 9
33 36 7
33 37 2
33 42 10
33 44 2
33 45 1
33 48 8
33 49 4
33 53 2
33 54 9
33 58 7
33 59 10
33 61 9
33 64 6
33 65 4
33 66 5
33 68 6
33 72 4
33 76 10
33 79 3
33 80 3
33 81 5
33 84 10
33 85 10
33 87 9
33 88 3
33 89 9
33 92 1
33 93 9
33 95 6
33 98 2
33 1 6
33 2 2
33 3 10
33 4 4
33 8 4
33 10 2
33 15 3
33 17 4
33 18 1
33 21 3
33 22 9
33 23 5
33 25 3
33 26 10
33 27 7
33 28 10
33 29 10
33 31 5
34 37 8
34 38 5
34 39 5
34 41 1
34 42 5
34 43 3
34 45 10
34 47 8
34 49 1
34 50 5
34 56 6
34 57 1
34 61 3
34 63 4
34 64 5
34 65 9
34 67 6
34 68 10
34 70 5
34 74 2
34 79 5
34 81 5
34 82 1
34 85 3
34 86 1
34 88 2
34 90 9
34 91 8
34 93 3
34 98 8
34 0 6
34 2 4
34 5 9
34 6 2
34 7 2
34 9 5
34 11 6
34 12 9
34 13 6
34 15 6
34 16 10
34 18 9
34 23 5
34 25 6
34 28 1
34 30 5
34 31 5
34 32 6
34 33 5
35 39 2
35 42 9
35 43 3
35 44 7
35 47 3
35 49 9
35 52 3
35 53 6
35 54 4
35 56 2
35 59 3
35 61 5
35 62 8
35 63 5
35 65 10
35 69 2
35 71 10
35 72 6
35 73 8
35 74 4
35 75 8
35 77 2
35 78 2
35 79 7
35 80 1
35 82 6
35 83 10
35 86 1
35 87 5
35 92 3
35 98 3
35 99 6
35 0 7
35 1 5
35 3 5
35 6 6
35 8 1
35 11 5
35 12 7
35 14 7
35 15 3
35 17 10
35 18 2
35 20 1
35 22 2
35 23 5
35 24 1
35 25 7
35 29 6
35 30 6
35 31 3
35 33 10
35 34 10
36 37 1
36 38 1
36 41 5
36 44 4
36 48 10
36 49 5
36 51 4
36 54 9
36 55 4
36 56 9
36 59 4
36 61 9
36 62 4
36 63 2
36 65 2
36 66 2
36 67 2
36 68 5
36 70 2
36 71 9
36 72 2
36 73 3
36 76 8
36 79 9
36 80 1
36 82 10
36 84 2
36 85 2
36 91 4
36 93 9
36 94 4
36 97 3
36 98 2
36 99 10
36 0 8
36 3 3
36 10 2
36 13 7
36 14 3
36 19 9
36 23 10
36 24 6
36 27 4
36 29 1
36 35 4
37 39 7
37 42 2
37 44 6
37 49 10
37 50 10
37 53 10
37 55 2
37 56 3
37 57 6
37 58 9
37 60 1
37 63 1
37 64 10
37 65 9
37 66 6
37 68 4
37 69 8
37 70 8
37 71 10
37 74 4
37 75 4
37 77 6
37 79 4
37 80 10
37 82 7
37 84 5
37 85 8
37 87 7
37 88 7
37 90 10
37 91 7
37 92 8
37 93 3
37 94 3
37 96 1
37 98 1
37 0 1
37 1 3
37 2 3
37 5 9
37 6 2
37 8 9
37 10 2
37 11 6
37 12 8
37 14 7
37 17 8
37 21 6
37 23 9
37 25 10
37 31 5
37 35 9
38 40 9
38 41 1
38 42 1
38 43 6
38 44 5
38 49 9
38 50 5
38 52 9
38 59 5
38 60 7
38 62 4
38 63 5
38 64 9
38 66 10
38 67 10
38 73 1
38 74 4
38 77 6
38 78 1
38 80 10
38 82 8
38 87 8
38 88 9
38 90 3
38 91 8
38 92 1
38 96 10
38 98 4
38 99 8
38 0 10
38 4 6
38 7 10
38 9 6
38 12 1
38 13 10
38 14 1
38 20 6
38 22 8
38 23 2
38 24 7
38 25 8
38 26 2
38 29 7
38 30 6
38 32 2
38 34 6
38 35 6
38 36 7
38 37 10
39 40 7
39 41 10
39 42 1
39 43 9
39 44 2
39 46 8
39 50 7
39 53 7
39 56 7
39 57 6
39 59 3
39 60 5
39 61 3
39 62 3
39 63 3
39 65 6
39 66 6
39 68 10
39 69 2
39 71 5
39 72 7
39 75 9
39 79 2
39 84 2
39 85 4
39 89 9
39 91 4
39 92 6
39 93 2
39 94 1
39 95 5
39 96 4
39 99 8
39 6 4
39 7 8
39 10 3
39 14 6
39 17 9
39 18 7
39 19 5
39 20 9
39 21 6
39 22 5
39 23 10
39 24 7
39 25 5
39 29 1
39 30 4
39 34 3
39 37 3
40 41 7
40 43 4
40 46 8
40 49 7
40 50 9
40 53 6
40 54 4
40 55 3
40 56 7
40 59 1
40 60 9
40 62 10
40 63 5
40 64 1
40 65 5
40 72 5
40 73 4
40 75 10
40 76 2
40 78 8
40 80 1
40 82 9
40 84 9
40 86 3
40 87 1
40 88 3
40 89 8
40 90 6
40 91 5
40 92 6
40 96 6
40 97 2
40 98 7
40 99 1
40 1 2
40 4 1
40 5 6
40 6 6
40 7 4
40 8 7
40 10 6
40 14 6
40 16 1
40 17 3
40 18 8
40 19 10
40 20 6
40 22 7
40 23 4
40 24 2
40 28 10
40 29 3
40 30 3
40 31 6
40 32 2
40 34 1
40 35 4
40 37 8
40 38 6
41 44 10
41 45 5
41 47 8
41 49 10
41 54 6
41 55 9
41 56 7
41 58 5
41 61 8
41 62 2
41 63 6
41 66 4
41 67 4
41 68 1
41 71 5
41 72 4
41 73 6
41 75 10
41 78 10
41 79 3
41 81 10
41 82 10
41 84 6
41 85 4
41 86 6
41 96 4
41 97 10
41 98 4
41 99 2
41 0 8
41 1 4
41 2 8
41 3 7
41 4 9
41 5 7
41 7 3
41 10 4
41 13 1
41 14 3
41 15 1
41 17 6
41 18 2
41 19 8
41 22 5
41 23 2
41 24 3
41 28 3
41 29 2
41 30 5
41 31 10
41 32 4
41 33 5
41 35 3
41 36 4
41 38 8
41 40 9
42 44 2
42 45 1
42 48 9
42 51 8
42 52 6
42 53 9
42 58 3
42 60 2
42 64 4
42 65 9
42 66 7
42 68 9
42 70 6
42 71 7
42 75 5
42 80 4
42 82 8
42 83 2
42 84 5
42 86 10
42 93 10
42 95 3
42 97 10
42 98 9
42 0 5
42 3 1
42 5 8
42 13 8
42 16 2
42 19 6
42 21 6
42 22 7
42 24 5
42 26 9
42 29 9
42 30 10
42 32 8
42 33 7
42 36 6
42 37 2
42 40 1
42 41 5
43 44 9
43 47 8
43 55 3
43 57 7
43 59 8
43 60 4
43 63 7
43 64 7
43 66 8
43 67 5
43 68 2
43 70 5
43 72 5
43 73 5
43 76 1
43 80 9
43 81 6
43 82 9
43 83 5
43 86 7
43 87 9
43 92 9
43 93 9
43 94 9
43 95 7
43 98 6
43 99 4
43 0 9
43 2 1
43 4 6
43 5 2
43 6 9
43 8 3
43 9 1
43 10 5
43 11 2
43 13 3
43 14 4
43 16 1
43 18 1
43 19 7
43 20 2
43 21 5
43 23 7
43 27 6
43 29 5
43 34 4
43 36 2
43 39 10
43 40 2
43 41 8
44 45 8
44 47 1
44 48 8
44 49 9
44 53 1
44 54 5
44 55 10
44 57 6
44 63 9
44 64 5
44 66 7
44 71 6
44 72 2
44 73 1
44 75 8
44 76 6
44 78 10
44 79 4
44 80 6
44 81 6
44 82 4
44 83 4
44 84 9
44 85 9
44 87 2
44 89 3
44 93 2
44 94 7
44 95 10
44 96 2
44 97 3
44 0 4
44 1 2
44 2 8
44 3 6
44 6 8
44 12 10
44 17 2
44 18 3
44 19 2
44 23 7
44 24 2
44 29 5
44 32 6
44 33 9
44 35 3
44 37 9
44 38 4
44 41 7
44 43 8
45 46 1
45 53 8
45 57 3
45 58 5
45 60 9
45 61 10
45 62 4
45 64 1
45 65 8
45 70 4
45 72 8
45 74 1
45 81 9
45 82 6
45 83 8
45 85 4
45 86 1
45 87 2
45 89 9
45 90 1
45 92 9
45 94 7
45 95 7
45 96 2
45 97 6
45 0 5
45 1 3
45 2 1
45 4 9
45 6 4
45 7 5
45 8 2
45 9 2
45 10 9
45 11 7
45 12 9
45 16 4
45 17 4
45 22 3
45 24 7
45 27 5
45 30 2
45 31 6
45 32 5
45 34 1
45 36 3
45 38 7
45 39 3
45 41 3
45 42 8
45 44 2
46 50 2
46 51 1
46 57 1
46 58 1
46 61 3
46 62 7
46 63 10
46 65 9
46 66 2
46 70 3
46 72 8
46 73 7
46 74 9
46 75 8
46 78 8
46 80 1
46 82 4
46 83 9
46 85 3
46 86 6
46 87 1
46 88 10
46 90 5
46 91 2
46 94 7
46 96 6
46 97 5
46 98 2
46 0 5
46 2 9
46 5 5
46 6 1
46 7 1
46 10 8
46 12 7
46 14 6
46 18 7
46 19 1
46 20 4
46 21 2
46 22 1
46 23 7
46 24 8
46 25 1
46 26 10
46 29 2
46 30 6
46 33 4
46 36 1
46 37 5
46 40 1
46 41 9
46 44 7
47 49 1
47 50 10
47 53 1
47 62 1
47 63 5
47 65 5
47 66 10
47 68 8
47 69 2
47 70 10
47 73 6
47 74 10
47 75 6
47 77 8
47 78 3
47 80 9
47 82 5
47 85 2
47 89 10
47 92 2
47 94 7
47 96 7
47 0 10
47 2 5
47 4 6
47 7 10
47 8 5
47 9 8
47 10 10
47 15 1
47 20 10
47 23 2
47 24 6
47 30 1
47 31 9
47 32 3
47 33 3
47 36 1
47 39 9
47 43 9
47 44 3
47 45 1
48 49 10
48 52 2
48 57 2
48 58 1
48 59 8
48 60 7
48 64 5
48 69 10
48 79 10
48 80 6
48 81 1
48 82 2
48 83 8
48 84 1
48 85 1
48 88 5
48 89 10
48 90 5
48 94 4
48 96 4
48 2 8
48 3 2
48 4 1
48 10 5
48 11 6
48 13 6
48 14 5
48 15 5
48 16 4
48 17 1
48 22 4
48 25 2
48 28 8
48 29 3
48 31 9
48 32 4
48 33 2
48 34 7
48 36 6
48 37 9
48 43 10
48 44 2
49 51 3
49 53 5
49 56 3
49 57 1
49 59 5
49 61 1
49 63 7
49 67 2
49 69 5
49 72 8
49 73 9
49 74 7
49 76 2
49 79 3
49 80 4
49 81 8
49 82 1
49 85 5
49 86 7
49 88 7
49 89 7
49 90 4
49 91 2
49 92 6
49 93 6
49 96 10
49 99 5
49 0 3
49 2 8
49 3 4
49 4 5
49 12 7
49 13 5
49 16 8
49 17 9
49 18 10
49 19 9
49 21 6
49 22 7
49 25 1
49 29 4
49 31 4
49 33 5
49 34 8
49 35 2
49 40 6
49 42 5
49 44 4
49 45 1
49 47 9
50 52 4
50 54 1
50 56 8
50 58 6
50 59 1
50 60 3
50 62 8
50 64 5
50 67 7
50 68 10
50 71 6
50 72 2
50 73 8
50 74 9
50 76 6
50 79 9
50 80 8
50 82 8
50 83 10
50 84 9
50 86 4
50 91 4
50 94 2
50 95 10
50 96 6
50 97 10
50 0 5
50 2 7
50 3 3
50 4 1
50 5 6
50 6 5
50 7 3
50 11 8
50 12 2
50 13 9
50 20 10
50 22 5
50 23 1
50 24 1
50 25 1
50 26 2
50 27 10
50 30 8
50 31 9
50 35 8
50 36 6
50 37 1
50 38 5
50 40 10
50 42 3
50 43 2
50 44 10
51 52 6
51 53 10
51 56 6
51 57 3
51 62 4
51 64 2
51 68 3
51 69 6
51 70 9
51 71 4
51 72 7
51 75 7
51 78 1
51 81 7
51 82 10
51 83 5
51 86 4
51 88 9
51 89 2
51 90 10
51 91 6
51 95 6
51 96 7
51 98 4
51 99 1
51 7 8
51 9 3
51 12 3
51 13 2
51 16 2
51 17 8
51 18 9
51 19 8
51 25 7
51 26 9
51 29 4
51 30 6
51 31 4
51 33 8
51 34 5
51 35 9
51 36 9
51 37 7
51 39 5
51 44 5
51 46 4
51 47 9
51 48 1
51 49 4
52 54 9
52 56 1
52 57 10
52 58 8
52 59 7
52 61 9
52 65 8
52 67 3
52 70 4
52 73 9
52 75 3
52 76 6
52 78 2
52 79 1
52 80 7
52 81 8
52 84 5
52 85 3
52 86 5
52 87 4
52 88 9
52 89 3
52 90 1
52 95 3
52 98 1
52 0 4
52 1 10
52 2 9
52 6 1
52 8 5
52 11 3
52 12 2
52 13 1
52 14 3
52 15 4
52 19 4
52 21 10
52 23 1
52 35 1
52 37 6
52 40 10
52 41 6
52 44 1
52 45 10
52 46 4
52 48 3
52 50 2
53 56 8
53 57 1
53 58 7
53 59 7
53 63 2
53 65 6
53 66 1
53 68 6
53 69 1
53 72 8
53 73 2
53 77 1
53 79 9
53 81 3
53 82 1
53 83 6
53 85 2
53 86 5
53 87 7
53 88 3
53 89 2
53 90 5
53 91 7
53 1 4
53 2 3
53 3 7
53 4 6
53 5 4
53 6 3
53 11 3
53 12 5
53 16 7
53 22 6
53 23 10
53 24 5
53 26 1
53 28 5
53 32 6
53 33 6
53 36 1
53 37 5
53 38 8
53 39 3
53 41 3
53 42 7
53 52 3
54 59 6
54 66 5
54 67 7
54 69 10
54 70 4
54 75 9
54 76 1
54 78 8
54 80 3
54 82 4
54 83 1
54 84 5
54 85 1
54 88 10
54 92 1
54 93 6
54 95 4
54 98 2
54 99 10
54 2 2
54 3 2
54 7 4
54 9 6
54 12 6
54 13 10
54 16 8
54 21 4
54 22 3
54 23 7
54 26 1
54 30 5
54 31 9
54 32 5
54 33 1
54 36 1
54 38 2
54 39 1
54 41 9
54 44 5
54 47 8
54 48 7
54 50 8
54 52 6
54 53 1
55 57 6
55 61 1
55 68 3
55 73 10
55 75 2
55 77 1
55 80 7
55 83 8
55 86 4
55 87 1
55 98 6
55 2 5
55 8 9
55 15 5
55 16 7
55 21 2
55 24 9
55 25 5
55 26 1
55 28 7
55 30 10
55 31 8
55 33 4
55 34 5
55 36 1
55 37 5
55 38 7
55 42 9
55 43 2
55 44 5
55 46 9
55 48 1
55 49 8
55 51 6
55 52 7
55 54 8
56 59 5
56 62 10
56 66 9
56 68 4
56 70 3
56 72 10
56 73 8
56 74 6
56 78 7
56 80 2
56 82 8
56 84 3
56 86 10
56 88 8
56 89 9
56 90 6
56 91 10
56 92 7
56 94 5
56 0 3
56 3 8
56 5 2
56 8 1
56 9 2
56 11 1
56 13 8
56 16 3
56 20 1
56 29 4
56 30 9
56 32 7
56 35 5
56 36 1
56 37 4
56 41 5
56 42 3
56 44 10
56 45 8
56 46 7
56 47 5
56 48 6
56 54 9
57 61 5
57 63 4
57 67 6
57 69 1
57 72 7
57 73 8
57 77 8
57 79 10
57 82 9
57 83 8
57 84 1
57 86 1
57 88 10
57 89 1
57 90 5
57 92 7
57 93 10
57 94 1
57 95 10
57 96 10
57 98 3
57 0 3
57 2 5
57 3 1
57 4 4
57 5 4
57 10 10
57 11 1
57 15 3
57 19 5
57 20 10
57 23 8
57 24 8
57 25 1
57 26 7
57 31 7
57 34 2
57 35 7
57 36 10
57 37 8
57 39 6
57 41 4
57 47 5
57 49 6
57 50 9
57 52 8
57 53 1
57 54 5
57 56 6
58 60 7
58 64 6
58 67 3
58 69 10
58 70 5
58 72 5
58 73 3
58 75 6
58 76 1
58 79 9
58 80 7
58 83 8
58 85 7
58 86 3
58 87 5
58 92 7
58 93 4
58 95 5
58 96 10
58 97 1
58 99 6
58 0 3
58 1 4
58 6 6
58 7 6
58 11 5
58 12 7
58 16 9
58 17 10
58 22 1
58 23 9
58 29 8
58 30 9
58 31 8
58 32 7
58 34 6
58 36 2
58 38 8
58 39 1
58 40 3
58 43 8
58 44 4
58 47 4
58 49 5
58 51 9
58 52 7
58 53 4
58 54 6
59 60 8
59 61 3
59 62 4
59 64 6
59 65 1
59 66 1
59 68 9
59 69 10
59 70 7
59 72 2
59 75 3
59 77 7
59 80 9
59 81 9
59 83 7
59 85 1
59 88 3
59 89 8
59 91 3
59 93 10
59 95 4
59 96 1
59 98 9
59 99 3
59 3 10
59 6 8
59 7 5
59 8 2
59 13 3
59 18 9
59 19 2
59 24 3
59 26 7
59 27 10
59 32 7
59 36 5
59 37 7
59 38 3
59 41 10
59 43 7
59 47 6
59 48 7
59 49 9
59 50 9
59 53 3
59 54 3
59 55 2
59 57 6
60 64 5
60 65 3
60 66 8
60 72 7
60 75 9
60 76 2
60 78 9
60 79 4
60 81 6
60 82 6
60 83 4
60 84 6
60 87 3
60 88 9
60 89 9
60 90 9
60 91 5
60 92 3
60 93 3
60 95 5
60 96 6
60 97 2
60 98 10
60 99 2
60 1 5
60 5 6
60 7 8
60 10 9
60 11 3
60 12 2
60 13 4
60 14 9
60 15 10
60 16 8
60 20 1
60 21 6
60 24 10
60 25 8
60 26 9
60 28 5
60 30 5
60 31 5
60 33 8
60 34 5
60 35 6
60 38 6
60 40 8
60 42 10
60 43 9
60 44 3
60 45 8
60 47 7
60 50 2
60 51 1
60 52 5
60 53 4
60 54 7
60 56 5
60 57 6
60 58 9
60 59 6
61 64 3
61 65 6
61 68 10
61 69 2
61 70 4
61 71 6
61 76 10
61 77 3
61 78 7
61 80 2
61 81 6
61 82 2
61 83 8
61 85 10
61 86 2
61 87 9
61 89 10
61 90 4
61 92 6
61 93 2
61 98 7
61 99 7
61 1 1
61 6 8
61 7 2
61 11 3
61 16 6
61 18 2
61 20 10
61 22 8
61 24 8
61 25 9
61 27 2
61 30 8
61 31 2
61 33 9
61 37 10
61 38 9
61 39 6
61 40 7
61 41 6
61 43 8
61 45 1
61 46 1
61 47 10
61 48 1
61 50 2
61 52 1
61 53 1
61 54 1
61 56 9
61 57 6
62 64 2
62 65 6
62 66 4
62 67 4
62 68 7
62 70 5
62 71 7
62 73 6
62 74 5
62 76 8
62 80 5
62 81 8
62 82 3
62 83 8
62 85 1
62 89 1
62 91 9
62 95 10
62 99 5
62 0 9
62 3 10
62 5 10
62 7 1
62 14 5
62 15 9
62 17 7
62 20 1
62 22 2
62 23 4
62 25 4
62 26 5
62 27 3
62 32 3
62 35 9
62 36 8
62 40 2
62 42 5
62 44 10
62 46 1
62 49 5
62 50 9
62 52 3
62 53 1
62 57 9
62 58 9
62 59 8
62 61 9
63 65 6
63 66 6
63 68 9
63 71 6
63 72 3
63 76 9
63 77 4
63 79 8
63 80 10
63 81 10
63 84 4
63 86 5
63 87 2
63 88 9
63 91 1
63 92 7
63 93 7
63 94 6
63 95 5
63 98 9
63 0 3
63 1 5
63 2 2
63 4 3
63 5 4
63 6 3
63 7 7
63 10 6
63 12 10
63 13 1
63 15 1
63 16 3
63 18 4
63 19 10
63 20 5
63 21 4
63 22 5
63 23 3
63 25 9
63 26 7
63 28 8
63 30 6
63 31 2
63 32 2
63 33 1
63 34 6
63 36 6
63 37 3
63 38 1
63 40 9
63 41 5
63 43 2
63 45 1
63 49 4
63 52 5
63 56 7
63 57 3
63 58 10
63 59 3
63 61 2
63 62 2
64 66 1
64 67 6
64 72 9
64 73 6
64 76 3
64 78 8
64 79 1
64 80 4
64 83 7
64 84 2
64 85 3
64 86 7
64 87 4
64 90 5
64 91 5
64 92 10
64 98 5
64 1 1
64 3 4
64 4 7
64 8 10
64 9 9
64 12 10
64 14 7
64 16 3
64 18 2
64 19 6
64 20 10
64 21 2
64 22 7
64 23 3
64 30 9
64 31 6
64 36 5
64 37 9
64 40 6
64 41 4
64 42 1
64 45 1
64 46 9
64 47 6
64 50 3
64 52 1
64 54 8
64 55 8
64 57 1
64 58 3
64 59 4
64 60 7
64 61 9
65 66 2
65 68 9
65 70 6
65 71 10
65 74 7
65 78 5
65 79 8
65 80 7
65 82 4
65 83 6
65 84 3
65 85 10
65 87 5
65 88 3
65 90 10
65 91 10
65 93 4
65 94 6
65 96 3
65 97 8
65 0 10
65 1 9
65 2 3
65 3 8
65 6 7
65 7 8
65 8 8
65 10 5
65 16 3
65 18 4
65 19 9
65 20 7
65 21 4
65 22 10
65 25 10
65 27 1
65 28 6
65 30 6
65 31 1
65 32 5
65 33 10
65 34 6
65 35 8
65 36 9
65 40 1
65 41 5
65 48 10
65 49 8
65 51 6
65 52 9
65 53 5
65 54 1
65 56 3
65 57 5
65 58 8
65 60 3
65 62 3
65 63 8
66 67 6
66 68 6
66 69 10
66 70 7
66 71 10
66 73 10
66 76 3
66 79 9
66 87 10
66 88 6
66 89 10
66 90 10
66 91 7
66 92 1
66 93 1
66 94 1
66 95 1
66 97 1
66 98 6
66 99 5
66 1 3
66 4 10
66 8 2
66 9 6
66 10 9
66 15 2
66 18 6
66 20 3
66 21 5
66 23 10
66 25 2
66 29 5
66 31 5
66 32 2
66 34 4
66 36 3
66 38 9
66 39 4
66 40 5
66 41 10
66 43 9
66 45 3
66 46 9
66 48 9
66 51 10
66 54 2
66 55 3
66 56 8
66 57 9
66 61 3
66 64 2
66 65 10
67 68 5
67 69 7
67 71 9
67 73 9
67 74 1
67 75 4
67 77 6
67 80 5
67 81 2
67 82 1
67 84 8
67 86 8
67 87 10
67 90 3
67 94 4
67 95 7
67 98 1
67 99 2
67 2 4
67 5 8
67 6 7
67 7 4
67 8 7
67 11 8
67 15 3
67 16 5
67 18 9
67 20 10
67 23 1
67 24 5
67 25 7
67 28 7
67 29 6
67 31 5
67 33 4
67 35 6
67 37 8
67 38 2
67 41 4
67 44 10
67 46 9
67 49 6
67 50 9
67 51 5
67 53 4
67 54 10
67 55 9
67 58 6
67 62 10
67 66 10
68 69 6
68 70 4
68 72 5
68 73 7
68 77 1
68 78 6
68 79 7
68 83 1
68 85 9
68 86 1
68 90 10
68 92 5
68 94 8
68 98 10
68 99 2
68 0 7
68 2 10
68 7 8
68 8 9
68 9 5
68 11 2
68 14 8
68 16 8
68 17 1
68 20 6
68 22 6
68 24 8
68 27 4
68 31 6
68 34 9
68 36 6
68 38 8
68 40 8
68 45 1
68 48 10
68 49 2
68 50 4
68 52 9
68 55 6
68 56 1
68 58 2
68 60 8
68 62 5
68 64 2
68 65 8
69 72 6
69 73 6
69 74 6
69 75 2
69 76 2
69 81 8
69 82 8
69 84 5
69 85 2
69 88 4
69 89 4
69 96 5
69 97 8
69 98 1
69 0 10
69 1 1
69 2 9
69 3 2
69 5 1
69 6 9
69 8 2
69 10 5
69 13 2
69 15 8
69 17 6
69 18 8
69 19 10
69 20 10
69 23 8
69 25 1
69 30 9
69 31 9
69 32 3
69 33 4
69 34 2
69 38 1
69 39 4
69 40 2
69 43 6
69 44 1
69 45 6
69 46 5
69 47 9
69 49 2
69 50 2
69 51 10
69 54 7
69 56 7
69 58 8
69 59 1
69 60 3
69 61 9
69 64 7
69 65 5
69 66 4
69 67 3
70 71 2
70 74 2
70 76 2
70 81 9
70 82 6
70 84 1
70 85 3
70 87 7
70 88 2
70 90 6
70 91 4
70 99 6
70 0 1
70 2 7
70 3 7
70 4 1
70 5 5
70 8 2
70 9 10
70 11 4
70 16 1
70 19 4
70 23 9
70 24 7
70 25 3
70 30 8
70 31 3
70 32 3
70 33 4
70 37 6
70 40 8
70 41 9
70 42 8
70 44 8
70 47 1
70 50 10
70 52 3
70 55 10
70 56 8
70 57 1
70 58 6
70 59 9
70 62 2
70 66 8
70 67 9
70 68 9
70 69 10
71 74 7
71 75 6
71 76 2
71 80 2
71 81 7
71 82 1
71 86 5
71 88 1
71 89 7
71 91 6
71 92 2
71 94 10
71 95 7
71 96 2
71 97 10
71 98 4
71 1 10
71 3 1
71 4 7
71 5 8
71 7 5
71 9 4
71 10 9
71 12 6
71 15 6
71 17 8
71 20 10
71 21 8
71 22 9
71 24 7
71 26 1
71 28 7
71 30 9
71 31 1
71 33 8
71 34 2
71 35 4
71 36 6
71 42 6
71 45 7
71 48 2
71 49 5
71 51 8
71 52 10
71 53 3
71 55 3
71 57 10
71 58 1
71 59 9
71 66 1
71 69 2
72 73 9
72 74 2
72 75 2
72 76 3
72 77 8
72 78 2
72 79 7
72 80 2
72 82 8
72 85 4
72 86 10
72 90 3
72 92 10
72 93 7
72 94 7
72 95 10
72 96 6
72 98 5
72 4 2
72 5 7
72 6 9
72 8 6
72 9 1
72 11 5
72 13 2
72 14 7
72 15 7
72 18 3
72 22 4
72 24 2
72 26 9
72 27 7
72 31 9
72 32 5
72 38 3
72 39 6
72 41 1
72 43 5
72 44 8
72 46 8
72 50 1
72 52 4
72 53 2
72 54 6
72 55 8
72 57 10
72 58 1
72 62 9
72 63 6
72 65 7
72 69 9
72 70 1
73 74 8
73 75 10
73 77 5
73 80 8
73 82 6
73 84 2
73 85 7
73 88 9
73 91 2
73 92 1
73 96 2
73 97 9
73 99 8
73 0 10
73 1 2
73 4 9
73 6 3
73 8 3
73 9 8
73 12 6
73 16 7
73 17 1
73 18 1
73 19 8
73 20 5
73 22 2
73 24 6
73 27 7
73 28 4
73 29 3
73 30 1
73 35 6
73 36 6
73 40 4
73 41 10
73 42 6
73 45 10
73 47 1
73 52 5
73 53 8
73 57 2
73 59 5
73 60 6
73 61 7
73 64 2
73 71 3
74 80 9
74 82 10
74 84 9
74 86 3
74 87 4
74 89 3
74 91 4
74 92 3
74 93 8
74 97 4
74 98 9
74 2 4
74 3 9
74 4 6
74 6 5
74 9 5
74 10 1
74 12 5
74 15 4
74 16 7
74 17 2
74 18 1
74 20 8
74 21 2
74 22 10
74 23 10
74 24 3
74 25 8
74 28 7
74 29 8
74 33 7
74 35 7
74 36 10
74 38 9
74 39 2
74 43 10
74 44 9
74 46 10
74 47 4
74 48 6
74 49 6
74 50 5
74 51 7
74 52 7
74 53 8
74 56 8
74 57 9
74 58 6
74 72 2
75 76 9
75 79 5
75 80 4
75 81 8
75 84 7
75 85 3
75 87 3
75 95 8
75 96 5
75 98 10
75 99 9
75 0 2
75 2 3
75 4 4
75 5 6
75 7 6
75 8 7
75 10 6
75 12 1
75 13 3
75 16 10
75 18 9
75 20 4
75 21 4
75 23 3
75 24 1
75 26 3
75 27 9
75 31 4
75 33 10
75 34 10
75 35 3
75 36 3
75 37 1
75 38 4
75 43 4
75 45 4
75 46 4
75 47 6
75 48 4
75 49 8
75 52 1
75 53 5
75 54 4
75 55 5
75 57 7
75 58 9
75 59 9
75 63 4
75 64 7
75 65 7
75 69 2
75 74 4
76 77 10
76 78 7
76 80 1
76 82 6
76 83 6
76 84 7
76 85 3
76 87 5
76 89 5
76 91 8
76 92 1
76 93 8
76 98 9
76 0 5
76 1 4
76 2 9
76 3 8
76 4 7
76 8 10
76 9 9
76 12 1
76 17 1
76 22 6
76 26 3
76 29 7
76 30 9
76 32 6
76 36 7
76 37 6
76 38 5
76 39 3
76 40 8
76 41 8
76 42 3
76 44 9
76 45 3
76 47 6
76 48 4
76 50 7
76 52 5
76 53 6
76 54 9
76 55 1
76 56 6
76 57 3
76 59 4
76 61 9
76 63 9
76 65 9
76 66 9
77 78 10
77 79 8
77 81 3
77 83 2
77 84 4
77 86 7
77 87 3
77 92 8
77 95 2
77 97 6
77 98 7
77 99 10
77 0 2
77 2 1
77 3 9
77 4 2
77 6 7
77 8 3
77 11 1
77 12 4
77 15 1
77 17 8
77 19 8
77 21 1
77 22 10
77 23 4
77 24 1
77 25 10
77 26 4
77 27 1
77 30 2
77 31 5
77 34 3
77 37 5
77 38 10
77 39 9
77 41 3
77 42 3
77 44 7
77 46 9
77 47 5
77 49 2
77 53 2
77 54 3
77 55 7
77 56 9
77 58 4
77 59 9
77 62 3
77 64 4
77 65 1
77 66 10
77 68 9
77 69 4
77 70 2
77 73 4
77 74 4
77 75 7
78 79 6
78 80 6
78 82 2
78 84 4
78 86 10
78 88 10
78 89 2
78 91 9
78 93 6
78 94 2
78 97 8
78 98 4
78 2 7
78 3 4
78 4 6
78 7 9
78 10 8
78 11 4
78 13 3
78 17 5
78 20 10
78 21 10
78 22 6
78 23 3
78 24 1
78 28 1
78 31 2
78 33 9
78 36 6
78 41 1
78 48 4
78 49 4
78 50 5
78 52 2
78 53 9
78 58 7
78 60 3
78 61 3
78 63 2
78 64 2
78 65 1
78 66 8
78 68 1
78 70 7
78 71 1
78 73 6
78 75 5
78 76 7
78 77 1
79 80 4
79 81 4
79 83 10
79 84 1
79 90 2
79 92 5
79 93 2
79 94 8
79 97 8
79 99 1
79 3 10
79 4 7
79 5 8
79 6 10
79 10 7
79 12 1
79 13 4
79 14 10
79 17 5
79 18 6
79 20 6
79 21 5
79 24 1
79 25 2
79 26 2
79 29 2
79 30 6
79 33 3
79 34 4
79 35 6
79 37 4
79 42 5
79 44 6
79 46 10
79 48 5
79 49 2
79 51 7
79 53 6
79 58 10
79 60 5
79 61 4
79 65 2
79 66 7
79 69 5
79 70 3
80 82 4
80 84 3
80 89 2
80 91 1
80 92 8
80 93 2
80 95 4
80 96 7
80 97 9
80 99 9
80 0 2
80 2 10
80 3 7
80 5 7
80 7 1
80 8 6
80 10 3
80 11 10
80 13 9
80 15 1
80 16 5
80 20 1
80 23 1
80 28 3
80 29 10
80 31 4
80 34 5
80 35 1
80 38 6
80 40 4
80 42 4
80 43 2
80 45 8
80 46 5
80 50 5
80 53 1
80 55 8
80 64 1
80 65 7
80 68 9
80 70 8
80 72 1
80 73 1
80 75 9
80 76 3
80 77 7
80 78 5
81 82 9
81 83 7
81 84 10
81 86 2
81 90 9
81 92 9
81 94 8
81 97 5
81 99 5
81 0 1
81 3 2
81 4 4
81 5 9
81 8 4
81 10 3
81 29 2
81 30 7
81 33 5
81 34 2
81 37 1
81 38 4
81 39 6
81 41 6
81 42 5
81 43 2
81 44 2
81 48 6
81 55 2
81 56 1
81 57 7
81 60 5
81 61 4
81 67 6
81 72 10
81 75 8
81 78 4
81 79 3
81 80 4
82 88 7
82 91 6
82 92 6
82 95 5
82 96 1
82 0 8
82 1 6
82 5 4
82 6 5
82 7 7
82 8 1
82 10 2
82 11 9
82 12 5
82 13 10
82 16 10
82 17 2
82 18 5
82 20 4
82 23 8
82 26 9
82 28 6
82 31 7
82 35 1
82 39 1
82 40 6
82 41 8
82 42 8
82 44 10
82 45 6
82 46 8
82 47 10
82 48 3
82 49 6
82 50 10
82 51 4
82 52 10
82 55 8
82 56 2
82 62 5
82 67 3
82 68 10
82 79 9
82 80 4
82 81 2
83 84 10
83 85 8
83 86 1
83 87 3
83 88 10
83 90 9
83 91 7
83 93 6
83 94 10
83 97 6
83 98 10
83 99 1
83 1 1
83 3 4
83 4 3
83 5 7
83 7 9
83 10 6
83 12 9
83 14 10
83 16 3
83 18 2
83 19 7
83 20 9
83 22 10
83 25 6
83 27 5
83 30 6
83 31 8
83 32 8
83 33 5
83 36 4
83 37 6
83 38 3
83 40 6
83 41 6
83 42 3
83 43 3
83 44 2
83 45 4
83 46 2
83 48 2
83 50 6
83 51 10
83 56 2
83 59 3
83 61 10
83 63 1
83 65 2
83 66 1
83 68 10
83 72 1
83 73 3
83 75 9
83 78 1
83 79 7
83 82 4
84 86 7
84 87 1
84 89 5
84 90 10
84 91 6
84 92 2
84 93 9
84 95 6
84 96 6
84 98 8
84 0 4
84 1 7
84 2 2
84 3 9
84 4 7
84 5 2
84 6 5
84 8 8
84 10 4
84 11 3
84 12 6
84 15 5
84 19 7
84 21 2
84 22 10
84 23 4
84 26 6
84 27 8
84 28 10
84 31 1
84 32 6
84 33 3
84 34 5
84 35 10
84 36 8
84 38 5
84 39 5
84 40 4
84 42 9
84 44 2
84 46 3
84 48 6
84 50 1
84 52 6
84 53 3
84 54 2
84 55 10
84 57 3
84 58 9
84 61 4
84 62 1
84 65 10
84 66 3
84 67 10
84 69 1
84 70 7
84 71 4
84 73 4
84 74 1
84 77 9
84 79 10
84 82 9
84 83 10
85 87 6
85 88 5
85 89 8
85 92 6
85 93 1
85 94 8
85 95 4
85 96 2
85 0 8
85 1 9
85 2 3
85 3 9
85 6 8
85 7 3
85 9 9
85 10 9
85 13 4
85 14 1
85 18 2
85 22 8
85 25 3
85 27 5
85 30 5
85 31 1
85 38 2
85 41 9
85 42 10
85 44 3
85 45 1
85 46 10
85 51 4
85 53 6
85 55 3
85 56 8
85 58 7
85 59 9
85 60 8
85 64 7
85 67 6
85 68 3
85 69 1
85 70 8
85 73 6
85 74 5
85 76 3
85 77 10
85 78 3
85 79 7
85 80 4
85 81 3
85 84 3
86 87 10
86 88 6
86 94 9
86 98 3
86 99 8
86 0 5
86 4 6
86 5 5
86 7 2
86 8 4
86 10 5
86 12 2
86 13 7
86 14 7
86 15 7
86 17 2
86 19 10
86 20 5
86 21 4
86 23 1
86 25 4
86 30 8
86 32 7
86 35 8
86 36 1
86 37 10
86 39 10
86 40 9
86 41 6
86 42 3
86 44 5
86 45 1
86 48 10
86 50 6
86 51 3
86 52 9
86 53 8
86 54 1
86 55 3
86 58 4
86 66 7
86 68 9
86 69 4
86 70 6
86 73 9
86 75 2
86 77 9
86 78 3
86 79 8
86 82 5
86 84 2
86 85 1
87 91 1
87 93 7
87 95 4
87 97 4
87 98 9
87 2 9
87 3 7
87 6 6
87 7 2
87 8 6
87 9 3
87 10 8
87 12 2
87 14 6
87 17 6
87 18 1
87 20 4
87 21 6
87 25 8
87 27 1
87 28 7
87 33 9
87 34 9
87 35 10
87 36 8
87 37 5
87 38 3
87 39 5
87 40 7
87 42 5
87 43 10
87 47 10
87 48 10
87 51 10
87 52 10
87 55 8
87 59 8
87 62 8
87 65 10
87 66 8
87 67 8
87 69 8
87 71 3
87 72 10
87 73 3
87 74 9
87 76 5
87 80 10
87 82 9
87 83 7
88 91 3
88 92 3
88 96 10
88 98 5
88 0 6
88 2 1
88 3 10
88 5 6
88 7 8
88 10 10
88 11 7
88 12 4
88 15 8
88 19 1
88 20 7
88 24 4
88 28 9
88 29 5
88 32 8
88 34 5
88 35 10
88 36 4
88 38 6
88 39 6
88 40 8
88 42 8
88 45 1
88 48 2
88 51 3
88 54 5
88 56 1
88 57 5
88 59 6
88 62 2
88 65 3
88 68 4
88 70 3
88 71 5
88 74 9
88 76 1
88 77 5
88 78 8
88 80 1
88 81 7
88 82 7
88 86 9
88 87 9
89 91 10
89 92 1
89 93 4
89 98 9
89 2 3
89 3 2
89 6 1
89 7 5
89 8 5
89 9 5
89 13 1
89 18 3
89 20 5
89 23 9
89 24 9
89 28 7
89 29 5
89 31 1
89 36 9
89 39 7
89 42 6
89 43 1
89 47 3
89 48 4
89 49 10
89 50 7
89 51 6
89 53 3
89 54 4
89 55 10
89 57 8
89 58 8
89 63 2
89 64 3
89 65 1
89 68 4
89 71 4
89 72 5
89 74 2
89 76 6
89 78 9
89 79 7
89 81 8
89 83 6
89 84 1
89 87 3
90 92 10
90 95 3
90 96 5
90 97 5
90 98 4
90 99 3
90 1 3
90 3 9
90 9 4
90 10 8
90 13 5
90 15 5
90 16 10
90 17 7
90 18 7
90 22 4
90 23 4
90 24 10
90 25 9
90 27 2
90 28 9
90 29 3
90 32 2
90 34 1
90 36 8
90 37 10
90 40 8
90 41 9
90 42 7
90 44 3
90 46 2
90 47 1
90 48 10
90 51 2
90 54 3
90 56 8
90 57 10
90 59 10
90 60 5
90 61 8
90 66 7
90 68 8
90 69 7
90 70 5
90 71 9
90 73 1
90 76 10
90 77 10
90 80 5
90 81 6
90 86 2
91 92 8
91 93 1
91 94 5
91 95 10
91 97 8
91 0 6
91 1 10
91 2 6
91 5 3
91 6 2
91 9 9
91 10 6
91 11 5
91 12 2
91 14 9
91 15 5
91 16 1
91 18 1
91 19 7
91 25 10
91 26 6
91 27 3
91 29 8
91 30 4
91 32 8
91 34 7
91 44 4
91 45 10
91 52 6
91 54 8
91 56 4
91 62 9
91 65 1
91 67 8
91 68 4
91 73 8
91 74 6
91 75 8
91 77 3
91 81 7
91 83 1
91 84 1
91 85 6
91 87 7
91 89 9
91 90 8
92 95 10
92 98 7
92 0 5
92 1 1
92 4 3
92 6 10
92 7 6
92 10 4
92 12 7
92 17 10
92 19 9
92 20 7
92 24 9
92 25 4
92 26 8
92 27 9
92 28 9
92 29 5
92 32 9
92 34 5
92 35 3
92 38 1
92 40 5
92 42 8
92 46 7
92 49 3
92 50 6
92 51 1
92 52 3
92 55 6
92 58 3
92 62 1
92 64 2
92 65 1
92 67 1
92 72 6
92 74 4
92 76 6
92 77 9
92 78 10
92 79 1
92 81 8
92 86 9
92 87 10
92 88 2
92 90 5
92 91 6
93 95 3
93 1 3
93 3 6
93 6 10
93 7 8
93 8 2
93 10 3
93 13 4
93 14 2
93 17 5
93 20 3
93 26 2
93 27 2
93 28 7
93 30 10
93 31 2
93 37 8
93 39 2
93 41 10
93 46 3
93 47 1
93 48 7
93 54 9
93 56 4
93 58 6
93 60 2
93 61 3
93 62 3
93 64 8
93 71 7
93 73 4
93 75 2
93 76 2
93 77 7
93 78 9
93 83 4
93 84 2
93 85 8
93 86 7
93 91 6
94 99 4
94 0 6
94 5 3
94 6 4
94 7 9
94 10 6
94 12 10
94 16 3
94 20 4
94 21 5
94 22 1
94 24 2
94 25 10
94 27 2
94 33 5
94 34 5
94 36 7
94 37 2
94 39 3
94 40 2
94 41 7
94 42 5
94 49 6
94 51 1
94 52 6
94 53 6
94 55 5
94 56 9
94 58 5
94 61 8
94 64 9
94 65 3
94 68 6
94 70 5
94 71 8
94 72 3
94 75 9
94 78 8
94 84 6
94 85 6
94 86 10
94 87 5
94 88 10
94 89 5
94 93 9
95 97 4
95 98 1
95 3 10
95 4 6
95 5 5
95 8 3
95 11 1
95 14 2
95 19 9
95 23 9
95 24 9
95 28 1
95 29 2
95 31 8
95 32 10
95 35 4
95 36 5
95 37 5
95 38 8
95 42 8
95 43 5
95 45 10
95 49 5
95 58 1
95 63 4
95 67 6
95 68 10
95 69 5
95 71 7
95 72 2
95 74 8
95 76 8
95 77 10
95 78 2
95 79 3
95 81 5
95 82 2
95 84 6
95 87 8
95 90 1
95 91 3
95 92 10
95 93 10
96 97 9
96 98 3
96 99 5
96 1 6
96 2 1
96 3 2
96 4 2
96 7 6
96 9 2
96 10 8
96 12 6
96 13 8
96 17 2
96 18 1
96 20 8
96 25 8
96 26 8
96 27 3
96 28 2
96 29 10
96 31 6
96 34 9
96 35 3
96 36 5
96 40 8
96 41 6
96 42 5
96 44 4
96 45 1
96 47 10
96 51 10
96 52 2
96 54 8
96 57 9
96 59 8
96 62 7
96 63 10
96 64 3
96 67 1
96 70 2
96 71 1
96 72 5
96 73 9
96 77 3
96 80 7
96 83 8
96 85 8
96 88 2
96 89 4
96 90 3
96 91 1
96 93 10
97 98 1
97 99 7
97 0 4
97 2 2
97 4 1
97 5 8
97 6 2
97 7 2
97 8 1
97 9 1
97 11 7
97 12 10
97 15 8
97 16 10
97 18 2
97 19 10
97 21 9
97 22 2
97 23 5
97 24 8
97 25 10
97 27 1
97 28 4
97 30 2
97 31 6
97 33 5
97 34 2
97 36 4
97 37 10
97 38 4
97 40 2
97 41 9
97 42 4
97 44 8
97 48 2
97 49 7
97 50 10
97 53 6
97 55 7
97 58 10
97 60 4
97 65 8
97 68 9
97 69 3
97 70 4
97 71 5
97 72 5
97 76 5
97 79 8
97 80 2
97 85 2
97 88 4
97 89 1
97 92 8
97 93 8
97 94 10
98 1 2
98 5 7
98 7 8
98 8 10
98 9 8
98 11 8
98 21 4
98 22 4
98 23 5
98 26 8
98 30 1
98 32 3
98 35 5
98 37 2
98 39 2
98 41 5
98 42 2
98 45 5
98 47 7
98 48 6
98 49 7
98 51 1
98 52 5
98 57 10
98 60 6
98 61 1
98 63 8
98 64 7
98 66 4
98 68 8
98 71 3
98 72 9
98 74 4
98 75 10
98 78 1
98 79 7
98 80 2
98 81 4
98 82 4
98 83 3
98 84 7
98 85 9
98 86 1
98 91 2
98 92 2
98 93 4
98 94 7
98 95 3
98 96 1
99 0 2
99 1 9
99 2 6
99 3 5
99 6 6
99 7 8
99 12 10
99 13 6
99 14 4
99 16 7
99 20 7
99 23 7
99 26 1
99 27 10
99 28 10
99 29 7
99 30 6
99 32 4
99 33 8
99 35 6
99 36 1
99 40 8
99 41 3
99 43 6
99 44 9
99 45 5
99 47 4
99 49 2
99 50 5
99 54 8
99 55 5
99 59 6
99 62 6
99 63 9
99 64 10
99 67 9
99 68 3
99 73 3
99 76 6
99 78 2
99 80 4
99 83 8
99 85 3
99 87 9
99 88 4
99 91 7
99 92 4
