0 5 6
0 7 3
0 34 1
0 43 10
0 68 9
0 69 5
0 84 9
0 89 7
0 94 6
0 114 10
0 116 4
0 127 5
0 135 10
0 153 10
0 160 8
0 168 4
0 188 7
0 199 2
1 14 8
1 20 4
1 27 8
1 49 9
1 76 9
1 84 5
1 87 10
1 90 10
1 107 5
1 113 7
1 117 3
1 139 5
1 153 10
1 157 8
1 168 2
1 179 4
1 193 2
1 198 2
1 199 1
2 9 10
2 48 3
2 56 8
2 68 5
2 73 7
2 74 4
2 106 4
2 107 10
2 120 5
2 130 10
2 132 8
2 135 7
2 153 5
2 154 6
2 161 7
2 166 7
2 179 7
2 182 3
2 195 2
3 15 8
3 21 1
3 24 1
3 28 6
3 33 4
3 37 9
3 43 1
3 62 5
3 63 5
3 66 4
3 67 4
3 69 3
3 73 3
3 90 8
3 105 4
3 110 4
3 129 5
3 159 2
3 168 9
3 170 5
3 198 4
4 18 4
4 27 7
4 41 7
4 42 4
4 43 7
4 48 4
4 63 3
4 69 1
4 72 2
4 79 2
4 81 4
4 85 5
4 103 7
4 120 6
4 130 5
4 135 9
4 138 8
4 141 8
4 142 9
4 147 9
4 149 1
4 161 9
4 178 2
4 189 2
5 8 9
5 24 5
5 26 4
5 29 9
5 61 4
5 63 5
5 90 7
5 97 7
5 98 7
5 102 8
5 138 9
5 141 1
5 145 9
5 151 6
5 161 1
5 163 7
5 169 8
5 171 4
5 179 10
5 192 2
5 195 6
5 2 5
5 4 7
6 28 7
6 33 1
6 41 3
6 48 9
6 57 8
6 74 9
6 78 4
6 81 1
6 86 3
6 89 3
6 107 4
6 116 3
6 128 5
6 133 1
6 158 1
6 162 2
6 164 5
6 170 3
6 187 3
6 189 7
6 0 8
7 8 6
7 14 2
7 45 7
7 52 4
7 73 7
7 104 10
7 107 7
7 130 2
7 142 7
7 172 4
7 173 2
7 180 3
7 184 4
7 191 8
7 198 8
8 17 4
8 23 7
8 34 6
8 61 9
8 74 2
8 79 6
8 84 8
8 87 7
8 91 7
8 94 8
8 98 6
8 103 3
8 116 10
8 120 8
8 128 8
8 149 6
8 150 5
8 163 6
8 165 8
8 175 6
8 182 2
8 188 10
8 7 10
9 18 9
9 19 9
9 27 3
9 38 1
9 48 4
9 50 6
9 51 5
9 63 10
9 69 4
9 84 3
9 97 1
9 107 5
9 122 1
9 124 7
9 125 10
9 143 1
9 152 2
9 153 6
9 158 8
9 163 2
9 174 3
9 175 10
9 185 7
9 188 9
9 190 9
9 195 2
10 13 3
10 25 10
10 36 9
10 41 9
10 49 2
10 81 3
10 104 2
10 121 6
10 134 3
10 135 5
10 144 3
10 175 3
10 195 9
10 1 2
10 6 10
11 27 6
11 31 10
11 32 2
11 40 1
11 46 10
11 49 5
11 66 1
11 78 9
11 112 2
11 117 10
11 125 3
11 171 4
11 173 9
11 181 6
12 17 1
12 18 4
12 23 7
12 25 8
12 35 4
12 77 6
12 118 1
12 123 7
12 125 5
12 133 4
12 151 7
12 159 5
12 167 6
12 183 9
12 184 7
12 190 3
12 191 2
13 21 7
13 35 6
13 37 8
13 42 3
13 52 9
13 54 2
13 65 9
13 69 9
13 76 4
13 78 5
13 92 3
13 100 2
13 103 2
13 106 10
13 125 4
13 142 1
13 154 3
13 160 5
13 166 8
13 167 1
13 191 4
13 196 3
14 23 1
14 32 3
14 35 6
14 38 1
14 39 1
14 65 7
14 69 7
14 74 7
14 79 1
14 85 10
14 88 10
14 95 8
14 97 7
14 112 9
14 115 10
14 124 10
14 138 4
14 146 6
14 155 9
14 163 10
14 168 5
14 180 9
14 191 3
14 199 6
14 0 2
15 24 6
15 43 10
15 51 8
15 64 8
15 73 10
15 78 6
15 81 7
15 83 8
15 88 3
15 101 10
15 112 3
15 125 7
15 127 4
15 158 3
15 160 8
15 189 6
15 190 4
15 12 3
16 26 2
16 40 7
16 41 1
16 42 6
16 50 3
16 55 4
16 61 3
16 71 8
16 73 5
16 78 2
16 108 8
16 122 2
16 136 7
16 139 2
16 153 5
16 162 5
16 163 1
16 8 10
17 23 3
17 24 4
17 35 7
17 40 5
17 45 10
17 47 1
17 54 3
17 58 5
17 97 8
17 99 7
17 106 5
17 119 9
17 125 4
17 138 7
17 144 9
17 170 5
17 172 10
17 177 10
17 179 3
17 186 9
17 187 10
17 189 10
17 199 8
17 9 8
18 20 8
18 27 4
18 30 10
18 36 4
18 48 8
18 49 8
18 74 6
18 102 8
18 140 9
18 142 10
18 157 7
18 176 8
18 177 7
18 193 1
19 30 8
19 36 9
19 44 4
19 45 5
19 54 7
19 59 6
19 64 2
19 72 5
19 74 4
19 94 7
19 105 7
19 109 3
19 119 7
19 123 3
19 132 5
19 147 10
19 158 9
19 188 7
19 189 1
19 190 8
19 193 9
19 194 1
19 199 6
19 5 1
20 52 2
20 53 2
20 66 9
20 71 5
20 87 4
20 90 3
20 95 4
20 111 4
20 127 2
20 133 1
20 135 3
20 172 1
20 187 10
20 0 1
20 14 3
21 26 1
21 38 9
21 52 7
21 81 6
21 94 7
21 99 1
21 113 4
21 122 7
21 125 6
21 126 9
21 137 6
21 152 5
21 153 9
21 161 10
21 187 2
21 194 8
21 3 2
21 5 6
21 9 4
21 11 7
21 18 4
22 30 5
22 35 4
22 47 9
22 48 4
22 62 1
22 71 10
22 74 4
22 81 5
22 90 9
22 94 5
22 114 7
22 115 8
22 122 2
22 126 1
22 135 2
22 162 8
22 168 7
22 174 4
22 191 8
22 196 10
22 199 3
22 0 10
22 1 8
23 35 7
23 49 1
23 50 1
23 79 1
23 82 8
23 83 10
23 96 9
23 120 6
23 125 4
23 146 3
23 150 8
23 154 5
23 165 5
23 172 10
23 173 4
23 176 1
23 181 1
23 185 10
23 194 7
23 196 5
23 199 4
23 11 3
23 14 2
23 15 7
23 22 6
24 25 10
24 40 10
24 46 8
24 66 4
24 97 4
24 122 2
24 125 4
24 143 3
24 166 5
24 176 8
24 198 2
24 22 4
25 54 7
25 81 3
25 87 1
25 101 4
25 114 8
25 118 8
25 125 6
25 131 9
25 139 5
25 151 10
25 178 5
25 179 4
25 192 1
25 193 6
25 196 4
25 1 5
25 12 1
25 15 9
26 37 7
26 38 8
26 43 6
26 46 7
26 49 8
26 67 8
26 70 7
26 72 5
26 74 9
26 77 7
26 90 10
26 96 5
26 99 3
26 110 5
26 118 7
26 127 3
26 137 1
26 138 3
26 145 6
26 148 8
26 156 7
26 162 5
26 163 7
26 164 3
26 185 4
26 196 6
26 5 3
27 34 6
27 51 2
27 54 8
27 57 10
27 64 1
27 66 7
27 78 3
27 92 8
27 97 6
27 103 6
27 125 9
27 137 4
27 142 1
27 171 4
27 177 10
27 188 6
27 190 10
27 199 3
27 0 2
27 16 8
27 25 6
28 45 10
28 46 9
28 50 5
28 71 6
28 81 8
28 94 2
28 102 6
28 113 1
28 125 3
28 127 4
28 128 9
28 134 1
28 145 2
28 151 9
28 167 7
28 7 1
28 9 6
28 25 2
29 42 8
29 45 4
29 53 7
29 84 9
29 90 7
29 102 6
29 107 9
29 133 5
29 134 6
29 137 7
29 140 2
29 142 1
29 155 2
29 164 10
29 167 7
29 173 9
29 197 4
29 20 9
30 49 5
30 51 8
30 61 8
30 89 8
30 110 10
30 111 10
30 132 10
30 139 2
30 145 2
30 189 1
30 13 7
30 22 5
31 38 4
31 41 4
31 45 2
31 48 6
31 52 2
31 63 6
31 73 5
31 87 8
31 89 6
31 94 3
31 104 1
31 112 6
31 118 1
31 125 5
31 142 9
31 166 3
31 178 1
31 186 1
31 190 4
31 193 5
31 195 8
31 4 10
31 10 6
31 23 6
32 43 9
32 49 8
32 51 4
32 59 5
32 88 8
32 90 4
32 99 9
32 100 2
32 103 8
32 105 10
32 113 1
32 120 2
32 122 3
32 140 10
32 144 10
32 151 10
32 180 6
32 188 2
32 191 8
32 194 7
32 198 4
32 2 10
33 54 3
33 73 9
33 80 1
33 83 9
33 88 10
33 90 3
33 100 2
33 110 6
33 111 4
33 114 2
33 115 5
33 144 6
33 151 1
33 169 5
33 178 1
33 183 8
33 186 7
33 24 10
34 39 3
34 40 3
34 45 7
34 61 2
34 73 6
34 84 3
34 89 7
34 90 5
34 92 9
34 109 3
34 119 5
34 123 5
34 126 10
34 131 6
34 133 9
34 156 10
34 159 3
34 163 4
34 164 6
34 165 5
34 166 5
34 17 9
35 43 8
35 68 8
35 91 1
35 102 8
35 123 7
35 138 10
35 141 4
35 150 2
35 169 10
35 179 8
35 183 6
35 187 10
35 198 10
35 1 5
35 3 4
35 25 8
36 37 6
36 38 1
36 67 3
36 70 7
36 79 8
36 89 5
36 92 9
36 124 6
36 125 9
36 136 3
36 147 4
36 150 2
36 153 10
36 165 4
36 170 10
36 173 5
36 174 10
36 179 9
36 190 5
36 193 8
36 8 3
36 11 8
36 13 4
36 29 10
36 31 3
37 71 4
37 72 1
37 78 8
37 85 8
37 86 1
37 93 3
37 103 3
37 106 2
37 129 10
37 151 3
37 163 7
37 166 8
37 193 6
37 24 6
38 56 4
38 74 10
38 82 1
38 89 5
38 92 10
38 132 8
38 145 2
38 149 4
38 162 9
38 1 4
38 22 3
39 40 5
39 45 5
39 54 5
39 61 7
39 68 10
39 70 3
39 71 10
39 85 2
39 86 5
39 87 2
39 92 6
39 95 10
39 115 3
39 154 8
39 161 8
39 168 2
39 171 7
39 173 2
39 187 5
39 193 2
39 194 6
39 197 3
39 0 8
39 3 5
39 6 8
39 11 2
39 32 3
40 45 7
40 63 5
40 71 1
40 74 3
40 82 2
40 87 9
40 100 6
40 107 4
40 121 6
40 124 9
40 133 8
40 143 1
40 146 2
40 165 8
40 179 9
40 6 7
40 14 10
40 17 2
40 20 7
41 70 7
41 78 10
41 89 4
41 97 4
41 102 4
41 109 4
41 114 8
41 117 6
41 130 2
41 164 10
41 171 3
41 176 3
41 184 7
41 0 8
41 1 10
41 3 2
41 9 9
41 10 6
41 24 2
41 32 7
41 36 10
41 37 10
42 49 9
42 54 3
42 59 7
42 72 3
42 77 3
42 92 6
42 93 9
42 131 10
42 136 10
42 165 4
42 174 1
42 179 7
42 190 9
42 16 2
42 17 2
42 39 10
43 50 3
43 55 8
43 69 6
43 88 5
43 94 4
43 121 4
43 132 9
43 142 1
43 154 7
43 162 5
43 187 6
43 9 4
43 17 8
43 21 6
43 24 7
43 38 10
44 73 7
44 74 8
44 75 9
44 78 3
44 84 7
44 98 6
44 119 10
44 127 10
44 132 9
44 134 5
44 171 8
44 177 5
44 183 2
44 9 4
44 14 2
44 17 5
44 31 5
44 34 4
44 42 2
44 43 7
45 52 6
45 61 8
45 63 6
45 77 2
45 89 7
45 105 4
45 116 8
45 119 7
45 123 3
45 163 2
45 197 2
45 23 5
45 26 4
45 41 8
46 60 8
46 74 5
46 77 10
46 78 3
46 86 7
46 115 8
46 116 10
46 117 6
46 123 4
46 141 8
46 151 3
46 157 8
46 173 10
46 185 7
46 190 9
46 198 6
46 9 5
46 27 6
46 31 8
47 53 8
47 67 5
47 77 10
47 79 8
47 105 4
47 110 4
47 118 8
47 121 5
47 124 2
47 128 8
47 134 7
47 140 2
47 146 5
47 160 2
47 161 3
47 166 1
47 175 5
47 179 10
47 186 10
47 7 2
47 9 8
47 11 10
47 28 5
47 29 7
47 45 8
47 46 1
48 50 10
48 51 4
48 61 5
48 64 5
48 67 7
48 69 7
48 75 7
48 76 9
48 77 9
48 84 4
48 89 10
48 96 1
48 99 3
48 100 9
48 118 1
48 119 8
48 126 9
48 128 10
48 132 1
48 148 8
48 156 1
48 157 2
48 169 4
48 182 8
48 184 10
48 188 6
48 189 7
48 196 10
48 1 8
48 18 8
48 22 4
48 24 3
48 27 2
48 33 5
49 52 6
49 64 5
49 74 9
49 76 3
49 79 10
49 83 4
49 85 10
49 88 7
49 92 2
49 100 3
49 108 6
49 124 2
49 126 1
49 128 10
49 147 8
49 185 6
49 188 8
49 15 5
49 24 7
49 36 6
49 40 5
49 45 2
50 57 9
50 59 3
50 60 5
50 71 7
50 75 10
50 85 6
50 104 3
50 132 7
50 138 8
50 143 8
50 160 1
50 168 6
50 169 8
50 179 4
50 184 6
50 188 5
50 191 7
50 4 10
50 12 6
50 25 2
50 37 3
51 67 7
51 76 5
51 77 7
51 91 3
51 92 1
51 100 3
51 101 10
51 104 8
51 125 5
51 134 4
51 137 6
51 139 1
51 141 8
51 162 3
51 177 8
51 179 7
51 182 3
51 195 6
51 198 10
51 19 9
51 24 4
51 30 4
51 36 1
52 73 5
52 77 5
52 79 8
52 98 3
52 118 3
52 126 2
52 127 3
52 144 9
52 153 4
52 155 2
52 159 8
52 162 7
52 188 7
52 30 9
53 57 6
53 59 5
53 70 5
53 86 5
53 98 10
53 108 4
53 111 1
53 113 6
53 125 7
53 132 10
53 139 6
53 141 8
53 145 5
53 172 8
53 173 2
53 185 7
53 0 1
53 1 2
53 7 1
53 8 4
53 46 7
54 55 1
54 71 6
54 74 10
54 97 1
54 101 1
54 117 4
54 125 8
54 127 8
54 148 4
54 150 6
54 151 1
54 166 8
54 169 2
54 170 9
54 176 8
54 5 5
54 7 7
54 9 3
54 35 6
54 39 7
54 50 6
54 52 7
55 69 9
55 83 5
55 111 4
55 118 10
55 150 8
55 192 6
55 193 2
55 199 4
55 7 6
55 9 10
55 24 4
55 43 8
55 44 2
55 54 6
56 65 3
56 92 4
56 96 7
56 125 9
56 141 9
56 142 4
56 145 6
56 148 5
56 172 4
56 173 4
56 25 2
56 26 10
56 28 3
56 29 8
56 32 5
56 33 1
56 43 8
56 45 4
57 59 6
57 63 2
57 66 4
57 67 4
57 85 3
57 86 5
57 111 8
57 132 8
57 146 4
57 150 2
57 176 8
57 179 3
57 181 7
57 191 5
57 0 6
57 15 10
57 26 10
57 30 8
57 41 5
58 71 1
58 84 1
58 89 6
58 92 7
58 111 3
58 113 1
58 114 10
58 117 10
58 127 4
58 129 9
58 144 6
58 147 2
58 165 1
58 172 1
58 189 5
58 195 9
58 2 10
58 28 9
58 31 3
58 50 9
58 55 5
59 66 9
59 68 8
59 79 10
59 80 5
59 85 7
59 99 7
59 103 5
59 112 4
59 147 8
59 150 4
59 158 2
59 169 3
59 172 4
59 179 8
59 184 10
59 197 7
59 0 7
59 5 2
59 28 3
60 85 2
60 94 4
60 99 3
60 119 8
60 149 7
60 151 6
60 152 5
60 161 4
60 166 7
60 183 2
60 189 9
60 199 2
60 5 7
60 23 4
60 26 8
60 31 4
60 52 3
61 81 10
61 90 8
61 94 9
61 100 1
61 104 8
61 108 1
61 110 3
61 129 5
61 139 8
61 169 9
61 171 2
61 7 4
61 12 3
61 17 5
61 36 7
61 45 6
61 55 8
62 89 9
62 96 4
62 115 1
62 124 4
62 154 10
62 156 9
62 158 10
62 169 1
62 173 8
62 199 2
62 0 7
62 10 4
62 15 1
62 20 6
62 21 4
62 28 6
62 30 5
62 33 8
62 49 7
62 59 3
62 61 7
63 71 9
63 74 6
63 101 1
63 106 2
63 110 10
63 117 6
63 137 1
63 167 4
63 179 4
63 181 1
63 189 5
63 0 10
63 6 10
63 8 10
63 15 9
63 26 2
63 33 9
63 42 8
63 46 1
64 102 1
64 106 9
64 115 4
64 120 7
64 126 6
64 131 7
64 132 8
64 145 3
64 148 7
64 156 9
64 175 9
64 4 8
64 30 7
64 43 4
64 45 3
64 53 3
65 68 4
65 77 6
65 84 3
65 86 8
65 90 9
65 98 10
65 102 5
65 104 10
65 106 1
65 107 3
65 139 5
65 144 6
65 154 3
65 156 3
65 158 10
65 186 9
65 191 4
65 197 1
65 0 4
65 1 5
65 13 4
65 19 9
65 28 8
65 30 1
65 39 9
65 41 3
65 42 9
65 47 4
65 55 7
65 59 8
66 69 9
66 73 8
66 98 7
66 108 6
66 141 3
66 144 6
66 146 5
66 162 3
66 176 6
66 195 7
66 199 4
66 0 1
66 7 10
66 13 1
66 17 3
66 18 1
66 33 3
66 49 8
66 58 2
66 64 5
67 68 8
67 70 10
67 74 9
67 78 9
67 85 6
67 96 10
67 104 8
67 116 10
67 120 4
67 122 10
67 135 3
67 147 8
67 171 1
67 172 3
67 190 3
67 196 5
67 1 5
67 19 5
67 21 7
67 25 1
67 26 9
67 32 8
67 34 9
67 41 3
67 50 4
67 55 7
68 77 5
68 83 2
68 113 4
68 127 9
68 146 9
68 166 5
68 170 6
68 176 4
68 190 2
68 191 1
68 195 3
68 6 5
68 11 9
68 20 6
68 24 5
68 37 7
68 39 9
68 45 10
69 76 8
69 80 7
69 81 8
69 100 3
69 116 7
69 126 10
69 136 5
69 160 2
69 183 8
69 186 5
69 194 2
69 195 1
69 197 6
69 0 3
69 6 7
69 19 7
69 26 3
69 35 1
69 36 7
69 63 1
70 71 9
70 81 8
70 83 7
70 88 1
70 94 8
70 99 10
70 120 6
70 124 5
70 125 7
70 139 10
70 174 9
70 181 6
70 197 3
70 41 5
70 45 1
70 61 6
71 77 4
71 80 7
71 82 8
71 90 4
71 117 3
71 126 5
71 153 10
71 154 8
71 158 2
71 168 5
71 170 6
71 171 2
71 178 5
71 183 9
71 184 9
71 188 2
71 192 6
71 10 10
71 11 8
71 23 1
71 32 4
71 39 1
71 49 10
71 68 3
72 75 7
72 76 4
72 81 1
72 92 7
72 94 1
72 96 7
72 101 10
72 110 2
72 123 1
72 135 10
72 148 10
72 151 5
72 153 10
72 155 2
72 162 7
72 170 4
72 178 2
72 185 3
72 192 4
72 10 1
72 32 2
72 45 7
72 48 7
72 50 6
72 53 4
72 59 8
72 63 3
72 65 9
72 66 4
72 71 10
73 86 4
73 90 10
73 100 4
73 102 4
73 119 2
73 141 4
73 146 10
73 150 5
73 160 1
73 168 10
73 174 9
73 190 3
73 198 8
73 3 3
73 5 8
74 75 4
74 84 7
74 97 8
74 109 7
74 112 1
74 113 10
74 117 1
74 146 5
74 159 4
74 168 1
74 173 10
74 187 7
74 3 2
74 8 4
74 11 3
74 12 1
74 28 1
74 33 10
74 35 6
74 47 2
74 57 9
74 66 6
75 85 3
75 87 3
75 126 8
75 129 2
75 141 5
75 142 5
75 161 7
75 162 10
75 166 4
75 168 1
75 174 3
75 189 6
75 22 2
75 27 5
75 32 3
75 43 1
75 46 10
75 65 9
75 71 7
76 86 2
76 108 1
76 111 4
76 124 8
76 131 10
76 143 1
76 149 9
76 150 10
76 154 10
76 156 3
76 165 9
76 168 8
76 171 9
76 180 5
76 185 10
76 186 8
76 0 5
76 12 2
76 46 5
76 64 5
77 92 10
77 93 8
77 106 6
77 110 7
77 116 10
77 143 2
77 145 10
77 0 5
77 1 8
77 10 5
77 15 8
77 21 2
77 22 7
77 28 3
77 32 2
77 50 6
77 57 7
77 60 7
77 76 1
78 80 6
78 86 3
78 98 2
78 130 1
78 145 5
78 146 9
78 148 6
78 169 2
78 171 1
78 172 1
78 173 3
78 185 2
78 192 3
78 12 5
78 31 8
78 57 1
79 123 1
79 136 9
79 138 6
79 143 2
79 157 5
79 159 10
79 165 5
79 172 5
79 190 7
79 21 8
79 37 3
79 41 1
79 51 10
79 56 9
79 72 9
79 76 8
80 87 8
80 92 10
80 93 7
80 112 6
80 136 4
80 140 5
80 161 1
80 167 8
80 175 10
80 193 2
80 195 8
80 198 4
80 7 7
80 13 8
80 29 5
80 37 5
80 45 8
80 60 7
81 102 4
81 133 9
81 143 7
81 145 5
81 158 7
81 165 9
81 168 3
81 182 5
81 188 10
81 191 2
81 2 5
81 3 10
81 45 8
81 50 2
81 52 6
81 72 8
82 89 6
82 122 7
82 131 8
82 137 3
82 149 8
82 151 5
82 157 7
82 161 1
82 168 2
82 171 1
82 192 8
82 194 7
82 35 9
82 50 3
82 57 5
82 58 2
82 68 7
82 76 7
83 100 2
83 101 8
83 112 5
83 124 9
83 132 2
83 148 3
83 153 5
83 163 1
83 165 9
83 171 10
83 182 9
83 188 8
83 195 10
83 196 9
83 20 2
83 21 3
83 24 9
83 25 4
83 32 6
83 35 4
83 58 4
83 61 3
83 63 10
83 73 7
83 79 5
84 93 3
84 100 7
84 111 10
84 117 3
84 120 9
84 125 10
84 126 8
84 131 2
84 133 2
84 138 6
84 139 6
84 146 4
84 164 9
84 165 1
84 169 1
84 177 1
84 182 10
84 185 8
84 194 6
84 197 4
84 0 7
84 20 1
84 22 5
84 40 9
84 53 6
84 56 2
84 77 2
85 100 3
85 103 6
85 105 7
85 126 10
85 136 9
85 139 5
85 149 9
85 167 8
85 175 9
85 191 1
85 198 5
85 5 10
85 9 8
85 15 3
85 23 9
85 25 5
85 38 1
85 71 10
86 114 1
86 119 9
86 131 10
86 138 2
86 145 1
86 147 2
86 153 3
86 198 8
86 3 3
86 22 3
86 52 6
86 54 4
86 68 3
86 82 4
87 91 2
87 96 7
87 98 9
87 117 7
87 148 8
87 177 9
87 186 1
87 192 7
87 13 10
87 18 10
87 25 6
87 27 9
87 35 7
87 37 8
87 49 1
87 53 1
87 57 1
87 68 4
87 75 6
87 80 10
88 97 1
88 107 10
88 118 10
88 122 5
88 123 7
88 131 1
88 149 3
88 154 3
88 166 10
88 175 5
88 180 2
88 185 6
88 6 4
88 10 1
88 38 2
88 46 2
88 50 10
88 53 4
88 54 10
88 56 1
88 73 2
89 91 9
89 94 5
89 97 6
89 104 8
89 109 4
89 125 8
89 136 6
89 139 5
89 142 9
89 158 8
89 161 2
89 171 3
89 191 1
89 12 7
89 20 2
89 35 6
89 38 8
89 64 5
89 79 9
90 91 6
90 93 10
90 98 5
90 109 9
90 141 8
90 146 7
90 169 4
90 180 5
90 1 10
90 26 10
90 32 8
90 33 1
90 42 10
90 43 8
90 55 2
90 62 6
90 67 8
90 80 10
90 88 2
90 89 5
91 94 8
91 101 10
91 106 4
91 111 1
91 125 10
91 146 7
91 173 6
91 176 7
91 183 7
91 192 2
91 17 7
91 33 5
91 37 10
91 55 7
91 72 2
91 78 5
91 86 6
92 136 10
92 142 10
92 143 2
92 157 1
92 161 6
92 173 9
92 188 2
92 13 4
92 17 8
92 25 3
92 27 7
92 28 5
92 39 10
92 49 8
92 61 3
92 68 8
92 77 7
92 84 8
92 88 5
93 94 8
93 108 2
93 128 4
93 151 6
93 159 1
93 193 4
93 195 3
93 197 8
93 5 3
93 16 6
93 26 9
93 36 2
93 80 10
93 86 2
94 119 9
94 140 10
94 149 10
94 158 8
94 160 2
94 165 10
94 191 4
94 198 3
94 19 5
94 37 9
94 51 2
94 61 7
94 81 2
94 82 8
95 101 10
95 112 2
95 149 9
95 160 8
95 170 7
95 184 2
95 195 6
95 199 3
95 10 9
95 11 3
95 12 4
95 14 10
95 25 7
95 26 8
95 27 7
95 41 7
95 48 8
95 54 8
95 57 9
95 65 4
95 89 10
96 99 3
96 102 2
96 110 2
96 113 4
96 159 10
96 179 6
96 187 7
96 191 9
96 4 9
96 6 7
96 13 8
96 23 3
96 32 4
96 34 6
96 38 9
96 49 8
96 67 10
96 72 4
96 82 3
97 99 3
97 106 5
97 126 1
97 133 8
97 134 6
97 135 9
97 140 5
97 150 2
97 151 2
97 194 1
97 197 8
97 18 4
97 27 5
97 30 3
97 34 8
97 36 1
97 51 1
97 56 7
97 70 5
97 90 5
98 115 3
98 129 7
98 132 10
98 134 7
98 151 8
98 162 5
98 174 9
98 175 10
98 178 3
98 179 5
98 4 4
98 13 6
98 19 10
98 64 5
98 69 5
98 92 9
98 96 9
99 101 6
99 115 10
99 132 8
99 135 10
99 137 7
99 142 3
99 158 10
99 163 6
99 177 4
99 179 10
99 192 5
99 194 4
99 197 4
99 199 5
99 20 3
99 23 3
99 24 7
99 26 10
99 44 1
99 61 7
99 67 4
99 77 1
99 78 6
99 84 8
99 89 6
99 91 1
100 109 6
100 112 1
100 134 3
100 143 4
100 153 7
100 155 6
100 159 6
100 161 3
100 165 8
100 190 1
100 3 3
100 12 8
100 20 2
100 36 5
100 43 8
100 45 9
100 50 8
100 67 2
100 73 9
100 82 1
101 117 1
101 119 3
101 132 9
101 164 4
101 198 9
101 1 2
101 2 9
101 12 3
101 31 3
101 35 2
101 38 5
101 40 1
101 42 9
101 72 4
101 97 2
102 112 5
102 114 8
102 126 1
102 136 8
102 145 5
102 149 5
102 160 6
102 166 2
102 174 2
102 184 3
102 187 9
102 196 1
102 2 1
102 32 1
102 36 9
102 42 3
102 70 10
103 146 7
103 149 8
103 156 1
103 161 10
103 168 8
103 183 10
103 191 8
103 198 5
103 0 6
103 19 4
103 25 1
103 33 2
103 42 9
103 57 7
103 68 8
104 108 3
104 112 6
104 155 6
104 159 2
104 165 5
104 174 6
104 186 4
104 12 1
104 13 10
104 14 2
104 16 2
104 36 4
104 39 10
104 52 5
104 55 3
104 56 6
104 59 5
104 67 6
104 70 5
104 72 7
104 81 9
104 84 2
104 90 10
104 91 7
104 98 6
104 99 8
105 107 3
105 111 2
105 129 7
105 130 9
105 145 3
105 152 2
105 156 8
105 163 10
105 174 1
105 184 8
105 20 4
105 24 5
105 37 10
105 78 3
105 91 7
105 104 7
106 107 1
106 116 10
106 125 10
106 127 10
106 130 3
106 136 6
106 141 9
106 169 2
106 175 10
106 181 7
106 182 8
106 6 4
106 12 9
106 15 1
106 40 5
106 42 9
106 47 1
106 64 4
106 98 7
107 113 8
107 127 5
107 133 5
107 136 8
107 141 7
107 147 3
107 152 7
107 156 7
107 160 1
107 168 10
107 192 4
107 14 7
107 23 2
107 57 8
107 82 3
107 86 4
107 103 6
108 126 8
108 129 1
108 131 4
108 133 3
108 135 1
108 144 3
108 159 6
108 178 4
108 199 6
108 23 5
108 26 1
108 28 1
108 32 9
108 67 7
108 90 9
109 111 5
109 113 10
109 146 6
109 154 10
109 157 9
109 168 2
109 193 1
109 198 7
109 5 10
109 9 5
109 15 8
109 20 8
109 27 4
109 45 1
109 64 7
109 80 1
110 114 10
110 117 7
110 130 9
110 144 10
110 154 1
110 155 8
110 158 4
110 168 8
110 170 10
110 188 1
110 196 2
110 8 3
110 26 2
110 28 10
110 41 8
110 43 7
110 54 2
110 71 6
110 82 6
110 86 10
110 91 3
110 103 5
110 109 2
111 112 5
111 119 3
111 126 6
111 133 5
111 140 5
111 146 5
111 148 2
111 161 9
111 163 7
111 191 3
111 194 1
111 1 9
111 2 9
111 24 8
111 35 5
111 46 1
111 48 2
111 50 2
111 57 8
111 59 10
111 71 6
111 76 2
111 78 8
111 87 10
111 89 6
111 102 10
111 109 5
112 122 2
112 126 1
112 154 9
112 156 9
112 167 1
112 176 4
112 184 2
112 191 9
112 10 1
112 25 7
112 59 10
112 78 6
112 81 9
112 84 6
112 90 8
112 92 10
112 107 6
113 115 4
113 122 3
113 128 7
113 141 9
113 142 9
113 149 7
113 153 1
113 163 8
113 166 10
113 176 5
113 179 8
113 192 9
113 199 7
113 72 9
113 76 7
113 95 5
114 142 1
114 149 10
114 155 10
114 167 2
114 176 3
114 179 6
114 194 2
114 195 7
114 4 1
114 5 1
114 18 10
114 33 3
114 36 1
114 40 2
114 54 5
114 61 2
114 62 7
114 73 4
114 97 1
114 99 9
114 103 9
114 104 9
115 122 3
115 163 2
115 166 1
115 167 2
115 180 3
115 187 10
115 19 10
115 22 7
115 24 1
115 43 4
115 56 5
115 65 7
115 69 9
115 74 8
115 109 8
115 110 6
115 111 1
115 112 2
115 113 2
116 131 9
116 134 8
116 163 7
116 167 2
116 4 1
116 16 1
116 30 9
116 31 5
116 48 10
116 57 5
116 70 1
117 119 9
117 122 1
117 128 8
117 131 10
117 132 6
117 146 8
117 151 6
117 157 9
117 160 4
117 161 4
117 167 2
117 170 5
117 12 7
117 21 1
117 36 7
117 38 4
117 44 1
117 45 4
117 55 7
117 60 1
117 63 2
117 64 9
117 92 1
117 95 8
117 111 6
117 112 6
117 113 10
118 125 1
118 126 2
118 127 6
118 129 9
118 149 6
118 153 3
118 157 3
118 166 3
118 172 8
118 176 5
118 185 4
118 191 3
118 17 2
118 21 10
118 26 3
118 39 7
118 42 1
118 47 2
118 72 1
118 90 9
118 91 7
118 96 10
118 106 6
118 109 1
118 115 3
119 131 6
119 142 4
119 144 2
119 156 9
119 164 9
119 186 1
119 199 7
119 2 1
119 3 9
119 15 2
119 23 6
119 29 10
119 37 5
119 47 5
119 48 3
119 67 7
119 71 4
119 73 1
119 78 3
119 92 8
119 93 4
119 96 8
119 102 5
119 106 7
120 129 2
120 135 6
120 146 7
120 162 3
120 164 10
120 169 8
120 170 10
120 174 2
120 176 1
120 181 7
120 183 10
120 10 5
120 40 4
120 41 3
120 43 5
120 54 5
120 61 6
120 70 7
120 73 7
120 74 8
120 89 9
120 94 6
120 98 7
120 104 9
120 106 3
121 123 7
121 129 3
121 149 8
121 156 3
121 160 7
121 166 7
121 181 6
121 182 1
121 186 2
121 187 3
121 193 8
121 197 1
121 198 7
121 2 6
121 3 3
121 24 9
121 30 6
121 54 7
121 62 6
121 74 9
121 81 2
121 84 8
121 91 8
121 92 7
121 98 2
121 111 9
122 129 2
122 136 2
122 141 6
122 145 4
122 150 7
122 151 9
122 171 1
122 192 5
122 8 4
122 10 8
122 30 9
122 48 2
122 49 3
122 67 9
122 76 8
122 79 4
122 81 2
122 83 7
122 84 1
122 85 1
122 99 7
122 101 10
123 132 1
123 137 8
123 147 9
123 148 8
123 155 8
123 164 9
123 170 8
123 182 9
123 184 2
123 188 3
123 190 7
123 3 3
123 9 2
123 11 10
123 12 1
123 26 4
123 27 1
123 39 8
123 43 8
123 50 9
123 60 9
123 64 1
123 89 8
123 112 10
124 133 1
124 159 4
124 160 3
124 172 7
124 181 1
124 187 9
124 189 3
124 195 4
124 199 6
124 26 6
124 30 10
124 35 1
124 52 1
124 57 4
124 67 10
124 71 1
124 72 1
124 73 6
124 74 5
124 93 5
124 95 6
124 110 9
124 120 1
124 122 6
125 126 8
125 143 7
125 144 8
125 8 5
125 28 1
125 39 4
125 49 5
125 56 2
125 61 9
125 84 6
125 87 5
125 92 5
125 97 1
125 109 4
126 140 6
126 154 1
126 155 6
126 175 7
126 194 9
126 10 3
126 15 7
126 19 2
126 25 1
126 31 7
126 34 8
126 35 10
126 58 9
126 59 6
126 62 9
126 72 7
126 84 8
126 85 1
126 108 5
126 113 5
126 119 5
126 125 5
127 128 7
127 135 10
127 140 10
127 147 4
127 148 1
127 155 10
127 158 4
127 167 1
127 192 6
127 199 7
127 0 9
127 7 6
127 8 10
127 9 7
127 16 9
127 91 8
127 112 9
127 116 7
127 121 6
127 126 5
128 129 8
128 146 3
128 155 6
128 157 2
128 161 2
128 173 10
128 198 4
128 1 4
128 8 10
128 11 7
128 26 9
128 33 7
128 34 6
128 46 5
128 61 9
128 62 10
128 71 8
128 87 9
128 92 10
128 98 7
128 102 7
128 107 1
128 118 1
129 145 9
129 153 9
129 184 3
129 4 9
129 15 4
129 20 4
129 47 9
129 52 1
129 54 5
129 84 7
129 100 10
129 109 8
129 114 4
129 124 9
130 134 1
130 135 7
130 177 4
130 189 8
130 195 3
130 197 1
130 12 8
130 28 9
130 50 7
130 59 9
130 79 9
130 83 8
130 86 6
130 89 3
130 103 3
130 112 8
130 116 1
130 126 8
131 140 7
131 169 9
131 175 3
131 179 5
131 31 2
131 40 2
131 45 8
131 52 3
131 53 8
131 56 6
131 78 3
131 81 2
132 153 9
132 157 8
132 158 2
132 161 7
132 164 5
132 170 10
132 171 3
132 189 9
132 18 9
132 27 7
132 29 3
132 32 10
132 37 5
132 42 2
132 52 7
132 61 5
132 74 2
132 91 9
132 95 7
132 96 7
132 103 7
132 108 10
132 112 7
132 129 1
132 130 4
133 135 1
133 139 5
133 140 3
133 142 1
133 144 8
133 147 6
133 153 9
133 162 6
133 164 9
133 167 4
133 173 5
133 181 4
133 189 2
133 194 3
133 4 3
133 16 6
133 25 5
133 27 7
133 40 5
133 48 9
133 81 10
133 86 10
133 90 4
133 102 4
133 106 9
133 108 5
133 110 2
133 114 7
134 135 3
134 147 9
134 159 9
134 165 5
134 193 2
134 194 7
134 198 6
134 199 9
134 7 1
134 11 9
134 16 10
134 19 6
134 23 2
134 26 2
134 30 7
134 32 7
134 44 3
134 48 4
134 62 4
134 65 9
134 78 5
134 100 5
134 108 8
135 139 4
135 141 7
135 147 1
135 156 9
135 168 4
135 174 3
135 178 1
135 191 10
135 193 9
135 195 2
135 6 2
135 31 3
135 40 6
135 49 1
135 54 1
135 59 4
135 60 2
135 66 6
135 85 8
135 90 9
135 93 7
136 147 4
136 150 6
136 159 9
136 160 9
136 169 1
136 171 9
136 181 8
136 188 7
136 189 7
136 193 5
136 194 9
136 18 9
136 22 1
136 36 7
136 37 1
136 40 2
136 43 8
136 45 8
136 74 3
136 105 5
136 110 5
137 143 2
137 150 3
137 163 6
137 165 1
137 177 6
137 184 6
137 1 2
137 26 10
137 35 8
137 50 9
137 52 4
137 93 5
137 95 1
137 97 9
137 99 5
137 102 5
138 142 2
138 169 1
138 182 10
138 188 3
138 189 9
138 195 10
138 199 10
138 2 8
138 10 7
138 11 10
138 22 8
138 42 6
138 45 10
138 53 6
138 58 5
138 65 5
138 67 1
138 72 7
138 73 2
138 74 1
138 102 3
138 109 9
138 114 4
139 142 2
139 149 4
139 155 2
139 169 3
139 170 3
139 176 4
139 10 1
139 25 1
139 37 2
139 59 5
139 65 10
139 66 1
139 106 7
139 110 5
139 119 10
140 143 2
140 173 9
140 38 4
140 39 3
140 78 7
140 87 2
140 106 7
140 111 4
140 121 7
140 122 7
140 131 4
140 138 10
141 144 7
141 170 3
141 180 3
141 193 7
141 197 8
141 3 4
141 35 9
141 53 5
141 60 4
141 67 9
141 70 3
141 74 4
141 75 4
141 81 4
141 82 7
141 111 1
141 140 2
142 160 1
142 177 6
142 180 9
142 183 5
142 196 5
142 199 4
142 12 4
142 13 6
142 17 10
142 31 6
142 47 10
142 83 10
142 92 1
142 99 9
142 108 3
142 116 8
142 119 8
142 120 1
142 126 10
142 139 10
143 155 6
143 165 6
143 173 2
143 175 3
143 188 5
143 196 6
143 197 10
143 2 6
143 6 4
143 23 8
143 39 8
143 43 6
143 54 5
143 56 8
143 61 4
143 64 6
143 91 3
143 103 1
143 138 1
144 147 6
144 165 4
144 167 8
144 180 9
144 32 9
144 33 9
144 39 7
144 41 4
144 43 2
144 47 3
144 48 8
144 50 3
144 52 4
144 64 7
144 108 7
144 127 10
144 135 5
145 153 4
145 177 9
145 190 4
145 20 8
145 29 5
145 38 2
145 71 8
145 74 1
145 81 8
145 85 8
145 89 4
145 98 6
145 113 4
145 117 4
145 119 2
145 121 8
145 132 2
145 134 9
146 166 9
146 168 4
146 2 8
146 16 4
146 37 8
146 38 3
146 53 1
146 55 8
146 56 4
146 58 10
146 77 9
146 78 7
146 95 7
146 111 9
146 130 10
147 150 3
147 153 1
147 187 1
147 189 8
147 197 2
147 14 10
147 32 1
147 42 4
147 58 2
147 64 1
147 69 8
147 70 2
147 71 5
147 85 3
147 90 10
147 97 3
147 124 4
147 129 9
147 141 8
148 160 6
148 163 5
148 168 8
148 172 5
148 174 1
148 178 2
148 181 9
148 187 8
148 189 7
148 193 7
148 1 10
148 24 1
148 32 3
148 40 5
148 46 9
148 49 6
148 62 1
148 78 4
148 79 1
148 98 10
148 119 1
148 131 6
148 136 5
148 139 6
148 140 3
148 145 10
149 156 2
149 184 1
149 188 10
149 5 2
149 8 8
149 11 9
149 23 7
149 40 1
149 47 10
149 48 4
149 66 5
149 72 10
149 77 10
149 92 7
149 94 9
149 95 8
149 102 3
149 114 1
149 115 1
149 118 2
149 124 8
149 137 5
149 140 4
150 159 4
150 170 7
150 175 4
150 183 5
150 185 7
150 186 8
150 191 6
150 50 10
150 68 6
150 77 2
150 83 10
150 94 1
150 99 1
150 123 8
150 127 8
150 129 8
150 149 2
151 163 6
151 166 4
151 171 9
151 181 2
151 187 6
151 193 4
151 0 3
151 14 5
151 16 2
151 20 9
151 24 10
151 33 2
151 69 6
151 91 2
151 103 5
151 105 10
151 108 1
151 112 4
151 121 9
151 124 7
151 146 2
152 165 9
152 175 1
152 184 10
152 188 6
152 0 1
152 8 3
152 18 6
152 22 5
152 31 2
152 38 6
152 46 10
152 47 7
152 49 8
152 52 1
152 73 7
152 80 3
152 87 4
152 109 1
152 144 6
152 145 2
152 148 8
153 160 6
153 196 8
153 13 5
153 24 10
153 51 6
153 71 4
153 78 2
153 79 10
153 95 1
153 106 8
153 127 6
153 134 6
153 149 1
153 152 10
154 157 6
154 162 10
154 173 1
154 175 1
154 2 1
154 11 7
154 15 1
154 24 4
154 38 6
154 49 1
154 57 5
154 59 5
154 76 2
154 95 6
154 105 6
154 112 8
154 113 2
154 130 9
154 131 4
154 136 4
154 139 8
154 147 7
154 149 8
155 158 1
155 164 6
155 169 8
155 170 10
155 197 4
155 1 9
155 17 6
155 44 2
155 59 2
155 89 3
155 91 8
155 92 7
155 128 1
155 150 4
155 152 1
156 160 9
156 164 4
156 179 5
156 183 7
156 184 4
156 189 4
156 8 5
156 12 4
156 13 3
156 16 2
156 19 4
156 20 10
156 38 6
156 39 10
156 48 4
156 54 6
156 90 6
156 97 5
156 112 3
156 114 1
156 120 10
156 125 1
156 146 8
156 147 6
156 154 3
157 159 2
157 167 3
157 177 7
157 183 2
157 188 7
157 191 7
157 9 1
157 10 4
157 14 1
157 17 10
157 37 2
157 38 2
157 45 4
157 62 7
157 89 10
157 92 1
157 111 1
157 121 4
157 142 5
157 144 2
157 147 6
157 152 4
158 177 5
158 181 7
158 188 5
158 194 1
158 199 8
158 12 7
158 15 9
158 22 6
158 29 6
158 41 9
158 60 5
158 66 7
158 84 1
158 87 10
158 89 8
158 95 3
158 97 5
158 99 4
158 106 2
158 107 4
158 118 1
158 121 8
158 124 4
158 131 1
158 137 10
158 148 10
158 149 2
159 160 8
159 162 2
159 4 8
159 17 8
159 23 1
159 41 5
159 43 8
159 44 6
159 47 6
159 120 1
159 129 5
159 133 6
159 139 4
159 150 3
159 151 9
159 152 4
160 169 6
160 178 4
160 184 7
160 193 6
160 194 6
160 6 5
160 11 2
160 15 3
160 17 4
160 28 4
160 29 9
160 37 1
160 50 3
160 51 5
160 61 2
160 71 9
160 83 8
160 87 9
160 91 8
160 111 1
160 120 1
160 130 8
160 131 2
161 168 7
161 172 3
161 198 4
161 42 2
161 43 10
161 61 4
161 68 2
161 70 7
161 84 8
161 97 3
161 102 9
161 107 9
161 116 3
161 137 7
161 142 6
161 160 2
162 164 2
162 166 6
162 180 1
162 182 3
162 183 6
162 190 1
162 198 9
162 35 5
162 45 7
162 49 3
162 51 2
162 87 10
162 106 9
162 116 3
162 121 10
162 123 3
162 135 6
162 138 3
163 168 2
163 179 8
163 190 1
163 191 10
163 197 9
163 2 10
163 15 1
163 16 9
163 34 8
163 63 10
163 66 9
163 68 1
163 69 2
163 87 7
163 89 9
163 90 10
163 91 10
163 98 2
163 101 8
163 134 2
163 143 7
164 166 8
164 173 1
164 174 2
164 179 7
164 190 7
164 6 10
164 18 3
164 30 8
164 31 3
164 32 4
164 39 8
164 43 9
164 44 9
164 46 3
164 48 4
164 59 3
164 60 4
164 66 2
164 93 3
164 94 2
164 95 6
164 100 5
164 108 4
164 140 3
164 160 8
164 161 4
165 167 5
165 170 5
165 176 5
165 182 9
165 185 4
165 188 7
165 191 2
165 194 8
165 198 4
165 21 6
165 30 6
165 32 2
165 42 10
165 46 7
165 47 4
165 67 8
165 83 8
165 100 9
165 112 2
165 121 10
165 128 7
165 132 10
165 133 8
165 139 8
165 147 10
165 156 1
165 157 1
166 168 1
166 175 8
166 6 1
166 8 10
166 15 5
166 120 10
166 123 3
166 124 4
166 127 8
166 148 1
167 176 6
167 178 3
167 193 8
167 196 1
167 3 2
167 11 6
167 22 8
167 26 3
167 29 9
167 30 2
167 42 10
167 44 3
167 48 1
167 70 4
167 89 3
167 92 7
167 98 9
167 99 5
167 101 7
167 104 3
167 106 5
167 130 2
167 140 10
167 142 6
167 144 5
167 149 5
168 169 7
168 188 8
168 191 10
168 196 5
168 197 10
168 12 10
168 21 6
168 26 5
168 33 2
168 36 2
168 38 1
168 41 3
168 46 2
168 50 7
168 51 10
168 60 10
168 72 7
168 98 1
168 99 5
168 103 4
168 110 1
168 113 6
168 116 6
168 119 2
168 135 4
168 156 6
168 159 5
168 164 3
169 195 1
169 0 4
169 10 9
169 23 5
169 29 10
169 36 10
169 45 4
169 55 10
169 92 10
169 103 8
169 105 3
169 106 10
169 115 5
169 140 6
169 141 8
169 167 7
170 174 6
170 183 8
170 18 4
170 22 4
170 31 4
170 34 9
170 39 9
170 62 6
170 64 7
170 69 8
170 71 2
170 73 8
170 84 6
170 85 1
170 104 4
170 114 4
170 115 10
170 119 5
170 122 9
170 141 3
170 169 4
171 194 1
171 196 3
171 198 2
171 21 1
171 28 3
171 33 7
171 41 6
171 47 5
171 49 4
171 67 1
171 68 3
171 86 3
171 130 1
171 146 7
171 154 1
171 158 7
171 160 9
171 169 5
172 183 5
172 195 3
172 197 2
172 1 1
172 2 2
172 8 4
172 15 8
172 34 2
172 40 5
172 52 1
172 64 3
172 74 6
172 91 10
172 102 9
172 106 10
172 118 4
172 123 1
172 136 7
172 143 3
172 159 7
172 166 6
173 182 3
173 183 8
173 197 3
173 2 1
173 4 1
173 10 8
173 18 2
173 20 5
173 21 5
173 27 2
173 37 2
173 64 3
173 68 1
173 72 5
173 78 10
173 85 8
173 86 9
173 89 4
173 115 9
173 127 7
173 140 9
173 146 10
173 156 4
173 169 10
174 186 1
174 189 1
174 197 9
174 3 10
174 16 9
174 29 10
174 31 7
174 60 9
174 72 8
174 88 5
174 107 10
174 116 3
174 134 3
174 151 3
174 167 7
175 183 9
175 185 7
175 192 1
175 1 3
175 11 2
175 19 3
175 20 9
175 32 9
175 37 8
175 50 5
175 60 10
175 67 5
175 81 2
175 83 3
175 85 8
175 98 5
175 102 5
175 119 9
175 137 8
175 142 1
175 148 2
175 160 8
175 168 8
176 186 1
176 192 6
176 195 5
176 199 5
176 0 6
176 3 3
176 8 10
176 14 5
176 15 5
176 16 3
176 22 7
176 29 6
176 31 6
176 49 6
176 98 10
176 106 3
176 117 7
176 119 4
176 132 7
176 146 6
176 150 5
176 153 8
176 160 8
176 168 6
177 178 1
177 180 2
177 189 10
177 191 4
177 196 2
177 198 5
177 199 6
177 1 2
177 2 10
177 5 9
177 15 10
177 20 4
177 35 6
177 38 2
177 51 8
177 54 3
177 61 2
177 62 2
177 76 4
177 78 3
177 81 9
177 95 6
177 97 8
177 121 1
177 141 6
177 161 2
178 194 10
178 196 7
178 11 10
178 18 9
178 43 5
178 45 9
178 50 3
178 55 10
178 56 10
178 68 3
178 70 1
178 81 4
178 92 5
178 118 1
178 125 5
178 127 6
178 129 2
178 138 2
178 157 10
178 159 4
178 166 10
179 182 1
179 186 4
179 196 7
179 20 10
179 21 1
179 32 6
179 33 8
179 36 6
179 47 1
179 79 1
179 83 1
179 100 7
179 117 8
179 122 1
179 136 2
179 138 2
179 152 7
179 153 2
179 168 3
179 176 7
179 178 7
180 191 8
180 5 2
180 18 4
180 28 2
180 33 3
180 34 8
180 69 8
180 73 4
180 85 1
180 87 4
180 94 6
180 100 2
180 118 8
180 132 8
180 140 4
180 157 8
180 172 8
181 3 6
181 6 6
181 29 9
181 42 4
181 47 3
181 53 1
181 71 1
181 88 8
181 89 2
181 100 9
181 103 5
181 104 8
181 122 3
181 148 6
181 166 2
182 187 10
182 190 8
182 193 8
182 8 5
182 24 10
182 43 4
182 51 8
182 54 10
182 80 2
182 85 1
182 88 5
182 90 2
182 93 1
182 98 5
182 99 6
182 103 5
182 108 1
182 113 7
182 115 7
182 144 2
182 150 2
182 153 4
182 166 10
183 198 8
183 35 7
183 48 8
183 53 7
183 60 2
183 66 3
183 70 5
183 72 5
183 99 7
183 124 7
183 125 7
183 127 2
183 163 9
183 164 5
183 174 1
183 182 6
184 195 1
184 197 6
184 199 8
184 5 1
184 6 2
184 9 3
184 11 10
184 17 3
184 23 4
184 47 5
184 48 4
184 51 8
184 61 4
184 74 5
184 97 10
184 131 10
184 132 4
184 145 8
184 149 4
184 153 4
184 181 6
185 186 8
185 193 8
185 198 9
185 6 3
185 11 8
185 23 6
185 30 6
185 32 5
185 39 5
185 48 10
185 64 6
185 94 8
185 111 5
185 123 2
185 127 6
185 132 1
185 134 10
185 157 1
185 159 8
185 180 4
185 183 1
186 190 9
186 15 5
186 29 9
186 32 4
186 48 8
186 57 2
186 61 8
186 76 1
186 95 1
186 98 4
186 118 7
186 130 6
186 132 9
186 142 9
186 146 7
186 147 4
186 161 4
186 166 3
186 171 6
186 174 8
186 179 7
187 191 5
187 199 1
187 1 6
187 9 8
187 14 6
187 15 1
187 16 10
187 23 1
187 57 2
187 61 1
187 72 9
187 88 5
187 92 7
187 109 6
187 118 6
187 123 7
187 139 5
187 150 10
187 153 8
187 171 3
188 194 7
188 199 6
188 15 1
188 42 3
188 46 1
188 51 1
188 58 5
188 64 5
188 81 6
188 83 7
188 90 6
188 101 7
188 115 6
188 116 9
188 124 10
188 132 6
188 138 8
188 146 2
188 152 2
188 157 5
188 161 6
188 164 1
188 165 9
188 183 2
189 194 9
189 6 5
189 30 2
189 38 7
189 53 10
189 57 6
189 62 3
189 79 8
189 95 3
189 96 4
189 114 8
189 157 4
189 165 9
189 171 10
189 172 5
190 192 10
190 1 7
190 4 9
190 10 5
190 16 7
190 17 1
190 23 10
190 40 4
190 59 6
190 72 3
190 74 2
190 83 3
190 104 7
190 106 1
190 111 5
190 122 9
190 146 4
190 150 10
190 153 4
190 155 9
190 174 2
191 197 3
191 16 4
191 18 3
191 37 1
191 39 4
191 50 1
191 51 1
191 56 8
191 95 3
191 116 4
191 118 2
191 121 2
191 124 2
191 164 6
191 169 2
191 174 7
191 179 3
191 181 10
191 183 5
191 185 7
191 187 6
191 188 10
192 194 2
192 23 2
192 33 7
192 56 8
192 60 3
192 67 3
192 88 9
192 90 2
192 104 9
192 117 5
192 118 1
192 123 5
192 145 3
192 148 2
192 174 3
193 7 4
193 8 2
193 11 5
193 15 4
193 43 7
193 52 6
193 56 7
193 67 9
193 74 1
193 82 1
193 87 10
193 90 6
193 97 9
193 108 4
193 115 8
193 119 8
193 126 3
193 135 3
193 143 10
193 157 3
193 161 1
193 162 9
193 174 4
193 180 5
194 197 4
194 5 4
194 6 5
194 8 6
194 11 6
194 28 1
194 38 5
194 65 10
194 69 9
194 77 5
194 92 9
194 93 3
194 94 4
194 101 9
194 105 2
194 112 5
194 120 10
194 128 5
194 139 1
194 145 4
194 166 8
194 173 10
194 186 1
194 190 3
194 193 2
195 7 10
195 41 10
195 45 1
195 46 7
195 47 4
195 49 4
195 52 1
195 61 10
195 66 9
195 81 8
195 82 9
195 127 6
195 137 6
195 149 10
195 150 9
195 156 8
195 157 9
195 172 3
195 177 4
195 187 9
195 193 10
196 199 4
196 4 6
196 6 4
196 11 10
196 14 4
196 15 6
196 43 8
196 56 3
196 64 10
196 68 5
196 73 8
196 101 4
196 117 2
196 118 7
196 131 8
196 135 9
196 136 6
196 138 2
196 144 8
196 151 9
196 170 6
196 182 1
196 195 10
197 198 7
197 4 1
197 10 2
197 15 1
197 26 7
197 39 4
197 56 2
197 61 3
197 62 7
197 72 1
197 75 7
197 81 2
197 85 7
197 94 3
197 106 4
197 107 8
197 111 4
197 112 8
197 128 5
197 132 2
197 161 3
197 170 10
197 171 2
197 176 3
197 182 8
197 186 4
197 192 5
198 17 7
198 18 7
198 24 1
198 28 4
198 37 10
198 38 6
198 61 6
198 76 7
198 77 10
198 85 2
198 109 10
198 114 7
198 122 2
198 145 7
198 160 4
198 165 2
198 180 3
199 50 9
199 66 10
199 76 1
199 78 6
199 104 9
199 109 2
199 126 1
199 138 7
199 162 4
199 187 3
