0 3 5
0 5 1
0 16 10
0 23 9
0 28 2
0 36 6
0 41 7
0 49 6
0 52 2
0 53 2
0 72 10
0 73 6
0 76 10
0 77 10
0 80 8
0 81 2
0 82 9
0 90 8
0 100 8
0 116 4
0 120 5
0 123 3
0 126 8
0 132 3
0 144 1
0 155 1
0 156 9
0 159 9
0 163 8
0 164 1
0 168 9
0 171 3
0 172 8
0 173 10
0 187 6
0 190 8
0 191 7
0 194 6
1 2 6
1 7 2
1 12 5
1 14 1
1 20 3
1 21 2
1 22 4
1 39 2
1 52 6
1 53 4
1 55 3
1 61 6
1 64 6
1 65 3
1 69 5
1 70 10
1 91 1
1 93 5
1 94 3
1 96 7
1 100 4
1 113 5
1 116 1
1 121 2
1 124 4
1 137 1
1 139 9
1 144 5
1 147 6
1 154 1
1 160 10
1 167 7
1 170 7
1 184 1
1 189 8
1 196 4
1 197 1
1 199 5
1 0 6
2 8 8
2 10 7
2 12 7
2 13 4
2 14 9
2 19 5
2 21 4
2 26 5
2 31 3
2 34 7
2 35 9
2 36 4
2 42 10
2 47 9
2 54 8
2 56 7
2 57 6
2 68 6
2 70 8
2 71 1
2 73 6
2 76 1
2 78 3
2 80 7
2 86 9
2 95 6
2 102 10
2 119 6
2 122 7
2 131 2
2 133 4
2 134 2
2 135 1
2 138 6
2 140 3
2 144 2
2 146 10
2 155 1
2 161 5
2 165 3
2 172 3
2 184 9
2 0 4
3 22 6
3 27 8
3 29 5
3 30 8
3 32 10
3 34 3
3 37 4
3 43 5
3 53 2
3 56 7
3 58 7
3 65 8
3 75 5
3 80 5
3 82 10
3 84 10
3 86 10
3 95 8
3 100 8
3 101 10
3 103 4
3 107 4
3 112 9
3 117 9
3 120 7
3 122 2
3 126 1
3 127 10
3 136 1
3 137 1
3 146 3
3 149 9
3 153 7
3 158 2
3 161 9
3 169 4
3 171 3
3 178 1
3 180 4
3 182 3
3 193 6
3 195 10
4 8 10
4 9 7
4 12 9
4 18 3
4 26 9
4 29 10
4 33 7
4 41 10
4 45 1
4 53 2
4 55 4
4 75 7
4 81 2
4 92 1
4 95 3
4 96 4
4 101 7
4 109 2
4 114 8
4 115 9
4 121 8
4 126 10
4 129 2
4 131 4
4 139 9
4 141 4
4 142 8
4 144 10
4 161 1
4 164 7
4 172 2
4 175 6
4 176 2
4 181 2
4 188 2
4 194 5
4 195 9
4 198 7
5 22 5
5 23 4
5 28 5
5 39 9
5 40 5
5 42 3
5 50 1
5 52 10
5 54 8
5 58 9
5 62 10
5 67 1
5 68 8
5 74 7
5 77 1
5 84 7
5 90 2
5 91 1
5 99 1
5 103 7
5 112 9
5 116 5
5 117 4
5 125 3
5 126 6
5 131 3
5 139 7
5 157 10
5 160 2
5 161 4
5 163 2
5 166 3
5 169 6
5 171 2
5 175 2
5 176 8
5 180 1
5 182 6
5 188 8
5 193 7
5 194 7
5 0 7
5 1 9
6 8 7
6 9 1
6 15 6
6 17 7
6 19 7
6 22 10
6 32 2
6 34 3
6 44 2
6 45 3
6 61 8
6 62 9
6 72 4
6 75 7
6 80 10
6 81 8
6 86 7
6 88 10
6 96 1
6 102 6
6 106 9
6 107 3
6 114 4
6 131 10
6 132 1
6 133 2
6 134 5
6 139 4
6 140 9
6 142 6
6 144 6
6 147 7
6 152 6
6 164 5
6 170 7
6 173 6
6 176 9
6 177 7
6 187 7
6 189 1
6 196 1
6 197 9
6 199 4
7 8 3
7 17 1
7 20 4
7 26 5
7 27 5
7 30 5
7 35 4
7 43 3
7 44 7
7 52 4
7 58 2
7 62 1
7 65 3
7 74 6
7 78 5
7 80 5
7 87 8
7 95 9
7 98 9
7 100 6
7 101 6
7 104 8
7 118 2
7 119 1
7 123 3
7 133 1
7 134 2
7 137 8
7 138 4
7 139 8
7 145 8
7 146 4
7 147 10
7 153 9
7 156 6
7 157 2
7 173 9
7 194 6
7 195 1
7 196 6
7 198 1
7 2 7
7 6 2
8 19 8
8 27 3
8 29 7
8 45 5
8 48 5
8 50 2
8 53 5
8 66 9
8 67 1
8 70 3
8 81 10
8 83 8
8 84 1
8 87 2
8 88 6
8 93 10
8 99 9
8 105 6
8 112 10
8 119 2
8 120 8
8 149 4
8 150 1
8 152 6
8 153 10
8 157 1
8 161 2
8 162 2
8 173 4
8 183 2
8 189 2
8 194 6
8 195 10
8 2 4
9 11 1
9 12 4
9 21 10
9 26 8
9 34 10
9 44 3
9 49 7
9 52 2
9 54 4
9 57 2
9 60 4
9 61 9
9 72 3
9 75 8
9 78 8
9 88 2
9 89 3
9 102 8
9 107 9
9 108 7
9 120 7
9 122 6
9 123 3
9 124 10
9 126 9
9 134 2
9 139 7
9 146 5
9 150 10
9 152 10
9 160 6
9 164 9
9 169 10
9 176 1
9 180 1
9 181 3
9 189 8
9 193 2
9 194 6
9 195 2
9 198 7
9 5 9
10 34 7
10 36 1
10 42 1
10 48 7
10 49 1
10 50 2
10 52 3
10 55 7
10 57 9
10 59 4
10 64 4
10 65 10
10 73 5
10 81 5
10 86 2
10 89 6
10 92 1
10 95 6
10 96 6
10 99 8
10 103 7
10 109 5
10 119 4
10 123 1
10 127 2
10 132 4
10 137 1
10 143 1
10 145 5
10 148 6
10 149 5
10 159 8
10 172 4
10 174 9
10 188 6
10 193 5
10 3 4
10 5 1
10 8 7
10 9 9
11 17 3
11 18 6
11 20 4
11 25 7
11 38 6
11 46 8
11 47 2
11 52 1
11 53 10
11 55 9
11 58 2
11 70 4
11 75 8
11 77 9
11 85 2
11 86 8
11 92 8
11 98 9
11 105 4
11 109 2
11 114 6
11 115 5
11 117 7
11 123 8
11 125 4
11 131 10
11 142 7
11 149 1
11 153 7
11 157 3
11 161 10
11 163 5
11 167 10
11 171 3
11 179 2
11 180 7
11 187 5
11 192 5
11 4 8
12 18 3
12 22 10
12 34 9
12 36 3
12 39 2
12 42 2
12 52 2
12 57 5
12 59 2
12 64 7
12 66 1
12 70 10
12 76 7
12 83 9
12 84 7
12 86 2
12 89 6
12 91 7
12 93 5
12 96 6
12 107 1
12 108 1
12 118 3
12 121 2
12 122 8
12 129 8
12 144 4
12 145 10
12 152 3
12 155 9
12 166 1
12 171 6
12 180 5
12 182 2
12 188 10
12 191 7
12 193 4
12 198 7
12 2 5
12 7 1
12 9 5
13 15 5
13 17 4
13 29 6
13 33 5
13 35 6
13 43 2
13 44 3
13 50 10
13 51 5
13 52 10
13 67 1
13 69 3
13 73 1
13 81 10
13 84 4
13 90 5
13 92 5
13 98 8
13 99 1
13 103 6
13 105 7
13 114 3
13 115 10
13 122 7
13 124 7
13 128 9
13 131 4
13 132 4
13 134 5
13 138 5
13 144 2
13 145 1
13 149 10
13 156 10
13 161 9
13 163 10
13 165 2
13 187 4
13 191 1
13 197 5
13 3 1
13 4 5
13 8 9
14 18 1
14 23 3
14 25 1
14 35 9
14 38 2
14 43 2
14 58 1
14 62 3
14 64 3
14 71 3
14 80 7
14 88 3
14 90 5
14 97 3
14 99 6
14 111 6
14 114 7
14 123 9
14 127 2
14 150 6
14 151 6
14 152 9
14 157 8
14 169 6
14 181 10
14 185 8
14 191 2
14 193 9
14 194 10
14 195 8
14 196 5
14 197 9
14 0 9
14 2 2
14 6 9
14 7 7
15 40 1
15 54 9
15 56 2
15 64 5
15 72 3
15 76 8
15 84 4
15 91 9
15 96 4
15 98 9
15 105 6
15 107 5
15 109 8
15 114 1
15 116 7
15 117 6
15 125 9
15 129 8
15 139 10
15 141 8
15 146 9
15 150 1
15 156 7
15 158 9
15 159 5
15 161 5
15 165 1
15 172 4
15 180 7
15 181 6
15 184 1
15 195 2
15 199 4
15 0 8
15 4 10
15 6 6
16 17 3
16 19 7
16 26 4
16 36 8
16 45 7
16 47 6
16 48 4
16 52 8
16 55 10
16 58 3
16 70 5
16 71 9
16 73 4
16 87 5
16 97 10
16 104 1
16 109 9
16 116 4
16 119 7
16 124 7
16 137 8
16 139 5
16 143 2
16 150 5
16 153 8
16 165 10
16 166 4
16 193 1
16 198 6
16 1 3
16 14 7
17 35 5
17 39 9
17 50 1
17 51 10
17 53 1
17 65 5
17 77 3
17 78 10
17 87 8
17 90 5
17 95 4
17 104 5
17 110 6
17 114 2
17 117 5
17 123 5
17 125 9
17 126 1
17 130 6
17 135 3
17 143 10
17 144 10
17 153 9
17 185 5
17 188 3
17 190 1
17 194 8
17 13 9
17 15 6
18 21 7
18 30 6
18 35 1
18 38 2
18 39 7
18 45 4
18 47 4
18 48 10
18 49 3
18 52 5
18 53 10
18 55 9
18 61 1
18 62 3
18 71 3
18 93 9
18 101 2
18 106 2
18 107 8
18 109 8
18 111 3
18 113 10
18 116 4
18 118 1
18 121 7
18 126 8
18 127 3
18 135 3
18 137 8
18 139 1
18 149 9
18 151 4
18 155 7
18 158 9
18 174 5
18 177 2
18 178 3
18 185 9
18 187 5
18 189 6
18 191 4
18 192 4
18 4 10
18 8 2
18 10 2
18 15 4
19 22 10
19 23 8
19 26 9
19 29 8
19 33 4
19 37 6
19 42 2
19 55 9
19 57 2
19 74 8
19 79 10
19 80 1
19 81 4
19 83 3
19 91 4
19 96 10
19 109 6
19 111 1
19 115 6
19 121 6
19 129 5
19 133 9
19 140 8
19 146 6
19 150 2
19 166 5
19 176 10
19 181 5
19 184 6
19 186 10
19 191 6
19 193 9
19 9 10
19 10 1
19 11 5
19 12 1
19 15 1
19 17 8
20 22 6
20 23 4
20 24 3
20 27 6
20 28 10
20 33 10
20 37 6
20 38 7
20 39 1
20 41 6
20 42 8
20 45 5
20 49 2
20 55 10
20 65 10
20 71 5
20 72 10
20 86 4
20 89 5
20 93 8
20 94 1
20 99 9
20 100 1
20 113 2
20 114 2
20 115 2
20 121 8
20 135 10
20 137 1
20 146 2
20 154 9
20 156 10
20 165 7
20 166 4
20 169 4
20 173 7
20 178 8
20 184 10
20 191 6
20 3 3
20 6 3
20 12 10
20 17 1
20 18 9
21 24 8
21 31 6
21 32 2
21 34 2
21 38 5
21 40 6
21 54 8
21 55 10
21 58 3
21 62 3
21 75 9
21 81 6
21 88 8
21 89 8
21 91 3
21 97 3
21 108 8
21 112 10
21 121 8
21 122 10
21 132 1
21 138 6
21 147 6
21 148 8
21 149 6
21 150 8
21 151 8
21 154 10
21 163 3
21 164 8
21 167 5
21 177 10
21 179 5
21 188 6
21 192 6
21 199 7
21 7 10
21 12 4
21 17 10
21 19 4
22 28 6
22 45 8
22 49 5
22 51 8
22 56 2
22 61 5
22 62 7
22 71 1
22 76 9
22 80 3
22 85 2
22 91 6
22 106 1
22 117 6
22 119 8
22 123 9
22 124 9
22 128 10
22 131 10
22 133 2
22 139 8
22 140 2
22 145 4
22 153 8
22 155 2
22 163 9
22 169 5
22 186 9
22 188 4
22 7 2
22 9 8
22 11 1
22 12 8
22 13 7
22 15 7
22 17 5
22 18 8
23 24 2
23 33 6
23 43 1
23 52 8
23 66 5
23 75 3
23 82 6
23 84 7
23 85 5
23 87 9
23 88 4
23 100 10
23 111 3
23 114 10
23 115 4
23 117 5
23 120 3
23 122 1
23 124 4
23 125 9
23 130 1
23 131 10
23 133 9
23 136 9
23 137 2
23 139 1
23 142 9
23 155 5
23 164 10
23 170 9
23 178 8
23 183 5
23 193 6
23 2 8
23 18 7
24 29 2
24 30 7
24 32 9
24 39 6
24 44 4
24 47 2
24 50 10
24 51 2
24 52 10
24 66 8
24 67 7
24 76 1
24 97 5
24 109 3
24 118 1
24 119 6
24 121 7
24 132 7
24 134 8
24 137 7
24 141 3
24 147 7
24 148 10
24 150 3
24 155 3
24 158 2
24 161 8
24 164 1
24 166 9
24 171 3
24 176 10
24 177 7
24 179 4
24 181 10
24 182 4
24 185 7
24 188 7
24 195 1
24 196 8
24 199 5
24 7 7
24 16 10
24 20 3
25 32 2
25 34 7
25 41 10
25 47 1
25 62 1
25 63 9
25 66 5
25 70 5
25 71 3
25 77 9
25 88 5
25 92 1
25 96 6
25 97 8
25 98 4
25 99 3
25 105 5
25 110 7
25 113 2
25 114 3
25 116 2
25 121 6
25 124 10
25 130 10
25 133 4
25 144 4
25 147 9
25 148 4
25 155 4
25 156 10
25 162 8
25 171 6
25 179 2
25 191 9
25 194 10
25 197 6
25 0 7
25 8 10
25 11 3
25 12 10
25 13 1
25 15 9
25 17 6
25 21 10
26 29 10
26 30 9
26 42 9
26 44 10
26 47 8
26 56 1
26 62 8
26 68 5
26 74 7
26 75 10
26 78 4
26 84 1
26 86 9
26 94 4
26 98 6
26 102 1
26 108 9
26 109 1
26 110 8
26 115 2
26 116 1
26 117 5
26 133 3
26 136 9
26 146 1
26 149 3
26 152 2
26 155 5
26 159 4
26 166 4
26 167 7
26 169 9
26 175 7
26 181 4
26 183 5
26 189 6
26 190 3
26 199 3
26 11 9
26 15 10
27 28 3
27 39 3
27 68 9
27 76 1
27 83 3
27 95 6
27 97 1
27 100 5
27 103 4
27 112 9
27 114 9
27 123 3
27 124 5
27 129 7
27 130 10
27 131 10
27 136 2
27 143 3
27 145 10
27 151 4
27 162 10
27 169 9
27 171 5
27 175 9
27 176 2
27 178 6
27 185 1
27 195 6
27 196 3
27 198 4
27 0 8
27 1 8
27 2 5
27 3 5
27 19 9
27 21 4
28 30 4
28 36 4
28 39 3
28 40 8
28 48 2
28 51 8
28 68 2
28 69 4
28 71 1
28 72 9
28 76 9
28 78 2
28 80 4
28 85 7
28 87 10
28 98 3
28 111 4
28 113 3
28 114 6
28 132 7
28 139 10
28 146 8
28 155 8
28 169 6
28 177 9
28 181 10
28 182 10
28 183 10
28 186 3
28 188 6
28 189 9
28 190 4
28 192 5
28 194 8
28 195 4
28 7 6
28 25 10
28 27 2
29 30 6
29 33 1
29 36 9
29 47 8
29 49 8
29 50 2
29 54 6
29 70 9
29 74 8
29 77 3
29 79 9
29 81 1
29 84 2
29 87 3
29 91 9
29 93 9
29 94 10
29 95 5
29 104 6
29 106 3
29 109 1
29 111 3
29 115 7
29 141 1
29 143 10
29 150 6
29 164 1
29 167 3
29 168 6
29 175 2
29 189 3
29 191 5
29 192 4
29 15 8
29 19 3
29 20 9
30 36 7
30 51 4
30 56 6
30 59 8
30 60 4
30 63 2
30 66 6
30 67 9
30 73 2
30 76 10
30 78 3
30 88 4
30 92 8
30 97 1
30 99 7
30 107 1
30 108 10
30 111 10
30 123 9
30 127 4
30 136 1
30 138 8
30 142 5
30 147 3
30 160 6
30 161 8
30 168 4
30 169 3
30 179 4
30 185 1
30 186 4
30 197 10
30 199 9
30 3 5
30 7 4
30 8 3
30 9 10
30 18 2
30 21 1
30 27 5
31 39 9
31 40 10
31 48 7
31 49 7
31 51 1
31 54 10
31 57 3
31 69 1
31 70 1
31 76 4
31 77 1
31 86 9
31 88 3
31 91 3
31 92 4
31 100 5
31 111 9
31 126 2
31 131 2
31 133 5
31 134 5
31 136 9
31 138 7
31 140 5
31 142 10
31 146 8
31 155 10
31 165 7
31 166 7
31 170 3
31 171 1
31 175 1
31 181 5
31 187 1
31 195 7
31 1 10
31 3 4
31 6 8
31 19 8
31 24 3
32 39 9
32 42 2
32 43 3
32 44 5
32 45 3
32 46 4
32 48 10
32 55 8
32 58 9
32 61 5
32 67 10
32 70 1
32 72 7
32 80 1
32 88 4
32 89 7
32 92 4
32 97 6
32 103 6
32 104 3
32 106 2
32 119 2
32 122 3
32 150 7
32 159 10
32 162 3
32 164 2
32 168 5
32 169 1
32 170 5
32 179 10
32 182 4
32 183 4
32 184 10
32 186 3
32 0 5
32 1 8
32 10 4
32 12 9
32 13 5
32 15 5
33 39 5
33 42 3
33 48 7
33 57 10
33 62 9
33 63 1
33 72 2
33 76 9
33 79 2
33 82 3
33 92 1
33 97 1
33 100 1
33 107 4
33 110 2
33 114 1
33 121 10
33 126 4
33 129 5
33 130 9
33 131 10
33 132 7
33 136 9
33 137 9
33 141 10
33 170 10
33 173 6
33 178 2
33 180 7
33 182 1
33 184 6
33 185 5
33 188 7
33 195 6
33 196 9
33 199 9
33 1 2
33 2 10
33 13 9
33 21 6
33 28 2
34 39 8
34 43 8
34 52 4
34 65 4
34 70 8
34 73 10
34 74 7
34 75 7
34 77 3
34 80 4
34 81 6
34 90 3
34 100 1
34 101 10
34 104 6
34 107 5
34 111 3
34 114 6
34 116 8
34 118 4
34 121 8
34 126 4
34 129 9
34 130 2
34 135 5
34 137 1
34 145 5
34 147 5
34 150 4
34 153 3
34 158 6
34 161 6
34 163 6
34 175 6
34 179 5
34 183 8
34 186 1
34 187 9
34 190 3
34 191 10
34 196 1
34 199 2
34 2 7
34 6 6
34 10 10
34 15 7
34 16 1
34 22 8
34 28 1
34 32 5
35 44 9
35 51 2
35 52 8
35 54 3
35 59 2
35 63 7
35 68 1
35 72 2
35 83 5
35 85 2
35 86 7
35 87 2
35 93 1
35 100 9
35 101 6
35 107 10
35 110 10
35 116 4
35 117 3
35 119 10
35 122 1
35 124 6
35 125 7
35 128 1
35 129 7
35 134 4
35 138 1
35 142 9
35 152 4
35 154 8
35 155 8
35 157 1
35 159 2
35 160 4
35 167 1
35 168 9
35 175 2
35 180 7
35 188 2
35 191 6
35 192 4
35 1 8
35 2 9
35 5 1
35 8 9
35 11 10
35 12 10
35 13 5
35 14 10
35 17 7
35 20 7
35 23 5
35 28 6
35 34 3
36 42 2
36 45 2
36 47 5
36 51 10
36 55 10
36 59 4
36 60 6
36 69 7
36 71 6
36 83 6
36 85 7
36 89 10
36 93 3
36 102 9
36 103 9
36 105 7
36 116 9
36 118 3
36 122 5
36 126 4
36 129 8
36 131 8
36 143 3
36 145 6
36 148 2
36 152 6
36 153 9
36 158 6
36 162 3
36 170 1
36 174 3
36 175 7
36 178 2
36 179 2
36 180 10
36 181 6
36 185 5
36 188 6
36 193 6
36 196 6
36 1 1
36 7 3
36 8 2
36 16 8
36 18 5
36 22 1
36 24 6
36 26 8
36 35 10
37 41 3
37 43 1
37 47 7
37 48 2
37 49 9
37 50 8
37 53 5
37 55 6
37 57 2
37 58 3
37 59 3
37 61 10
37 67 10
37 84 4
37 87 2
37 88 3
37 92 6
37 94 1
37 99 1
37 102 5
37 107 9
37 119 3
37 122 4
37 123 10
37 125 8
37 131 1
37 132 5
37 144 6
37 145 7
37 148 8
37 163 9
37 168 6
37 176 8
37 180 7
37 181 6
37 187 5
37 16 7
37 18 8
37 22 6
37 23 3
37 24 7
37 26 6
37 28 7
38 41 8
38 42 10
38 43 7
38 53 6
38 58 9
38 71 10
38 74 5
38 79 2
38 85 5
38 86 7
38 92 4
38 95 9
38 98 2
38 99 9
38 101 9
38 111 7
38 118 10
38 121 7
38 123 6
38 125 6
38 136 9
38 142 1
38 147 3
38 148 4
38 159 8
38 160 1
38 178 3
38 181 2
38 183 6
38 187 4
38 188 6
38 190 8
38 1 10
38 2 4
38 4 8
38 5 1
38 9 1
38 11 6
38 12 4
38 13 5
38 20 4
38 27 1
38 28 7
39 49 8
39 68 7
39 70 10
39 82 2
39 88 2
39 89 4
39 97 9
39 98 10
39 109 10
39 111 3
39 115 8
39 126 7
39 128 4
39 130 6
39 131 3
39 133 7
39 142 3
39 156 7
39 169 4
39 172 9
39 174 6
39 186 7
39 191 5
39 194 4
39 197 2
39 2 8
39 7 10
39 9 7
39 10 1
39 11 6
39 17 9
39 26 7
39 30 1
39 38 6
40 41 1
40 44 1
40 51 3
40 54 9
40 55 1
40 57 8
40 58 1
40 60 1
40 67 10
40 69 7
40 70 6
40 75 4
40 79 9
40 93 3
40 100 3
40 102 7
40 104 8
40 112 8
40 114 1
40 115 9
40 116 1
40 128 8
40 130 2
40 141 4
40 148 6
40 156 7
40 157 4
40 160 9
40 161 9
40 164 5
40 167 5
40 183 2
40 198 4
40 1 8
40 2 2
40 4 2
40 5 5
40 8 6
40 10 5
40 19 10
40 21 1
40 25 2
40 26 8
40 29 1
40 33 6
40 36 9
41 43 1
41 46 7
41 52 8
41 54 10
41 57 2
41 60 5
41 62 5
41 69 6
41 70 6
41 72 1
41 73 2
41 74 8
41 76 10
41 81 2
41 84 3
41 89 3
41 104 1
41 123 1
41 125 5
41 128 6
41 129 8
41 133 8
41 145 8
41 150 6
41 153 7
41 158 4
41 163 8
41 171 1
41 174 4
41 179 9
41 183 1
41 190 9
41 195 3
41 199 4
41 2 4
41 4 10
41 5 1
41 8 3
41 9 8
41 17 7
41 32 2
41 39 2
42 57 1
42 59 6
42 64 4
42 74 5
42 83 9
42 86 3
42 90 9
42 95 6
42 96 10
42 97 10
42 98 4
42 99 9
42 111 2
42 116 4
42 117 2
42 125 8
42 127 1
42 130 10
42 133 1
42 135 7
42 137 2
42 139 8
42 141 7
42 145 10
42 149 7
42 152 10
42 159 1
42 162 5
42 175 8
42 183 7
42 188 2
42 198 9
42 8 4
42 11 9
42 13 8
42 16 10
42 24 7
42 29 10
42 30 1
43 44 3
43 46 6
43 52 8
43 53 1
43 55 7
43 56 9
43 59 4
43 66 6
43 68 9
43 74 1
43 82 4
43 86 8
43 94 4
43 97 6
43 102 5
43 103 7
43 116 1
43 119 1
43 122 7
43 131 4
43 134 4
43 152 5
43 158 8
43 160 5
43 162 4
43 168 7
43 170 3
43 173 2
43 174 5
43 178 1
43 179 5
43 187 6
43 198 2
43 0 5
43 5 4
43 8 7
43 16 8
43 17 10
43 24 8
43 36 5
43 39 5
44 53 6
44 65 8
44 67 1
44 70 8
44 83 2
44 88 8
44 98 10
44 116 1
44 117 10
44 120 6
44 121 6
44 130 1
44 137 1
44 138 4
44 146 6
44 147 3
44 150 8
44 152 3
44 154 10
44 155 1
44 157 10
44 164 2
44 169 6
44 177 10
44 180 1
44 186 10
44 188 5
44 197 4
44 2 6
44 5 1
44 13 7
44 15 8
44 20 5
44 29 1
44 30 2
44 38 10
45 47 3
45 56 3
45 60 9
45 64 5
45 65 8
45 66 5
45 68 1
45 71 4
45 74 4
45 76 9
45 83 10
45 84 7
45 85 3
45 88 9
45 98 3
45 99 9
45 112 1
45 127 8
45 130 6
45 133 4
45 141 1
45 147 7
45 152 3
45 153 10
45 154 3
45 157 4
45 166 4
45 177 9
45 180 3
45 184 9
45 189 7
45 190 9
45 192 9
45 198 10
45 4 7
45 5 4
45 10 5
45 17 6
45 18 3
45 28 2
45 35 6
46 53 1
46 55 6
46 57 4
46 58 8
46 68 6
46 70 7
46 72 8
46 74 4
46 83 1
46 84 3
46 87 3
46 88 9
46 94 7
46 111 9
46 125 9
46 136 4
46 142 8
46 151 1
46 182 7
46 191 9
46 192 10
46 193 4
46 0 2
46 1 3
46 7 3
46 11 4
46 24 9
46 39 5
47 48 10
47 57 3
47 63 7
47 64 4
47 71 6
47 72 2
47 73 7
47 75 8
47 76 8
47 82 2
47 86 7
47 87 6
47 90 1
47 94 9
47 100 8
47 101 2
47 107 2
47 112 5
47 115 7
47 116 1
47 120 2
47 121 8
47 126 8
47 130 2
47 132 4
47 133 5
47 139 4
47 141 5
47 145 5
47 148 9
47 162 8
47 166 6
47 182 7
47 183 2
47 186 1
47 187 1
47 191 5
47 198 5
47 199 10
47 0 2
47 3 8
47 4 4
47 6 8
47 8 7
47 10 10
47 11 4
47 12 1
47 16 10
47 21 7
47 29 1
47 40 4
47 43 7
48 49 8
48 59 6
48 60 9
48 68 8
48 69 1
48 76 2
48 77 2
48 81 7
48 84 3
48 86 5
48 88 4
48 91 6
48 95 10
48 97 10
48 98 7
48 99 3
48 100 5
48 106 5
48 113 8
48 121 3
48 132 3
48 134 5
48 140 3
48 146 3
48 153 9
48 158 9
48 163 9
48 164 2
48 166 10
48 167 10
48 170 10
48 171 8
48 172 1
48 180 1
48 186 1
48 191 9
48 195 5
48 196 10
48 1 1
48 23 6
48 37 2
48 40 9
49 52 4
49 54 9
49 59 4
49 62 8
49 69 4
49 71 5
49 83 10
49 87 10
49 88 5
49 94 2
49 95 3
49 97 3
49 99 8
49 104 8
49 106 9
49 108 3
49 126 10
49 127 2
49 152 10
49 155 3
49 156 6
49 157 3
49 166 3
49 167 3
49 168 8
49 172 8
49 183 5
49 187 9
49 188 5
49 199 3
49 4 4
49 5 5
49 9 3
49 10 7
49 12 5
49 17 9
49 23 7
49 29 4
50 57 7
50 66 3
50 69 9
50 78 9
50 88 1
50 89 9
50 98 7
50 101 4
50 118 6
50 121 1
50 125 6
50 126 5
50 134 4
50 135 2
50 146 7
50 147 2
50 153 1
50 154 7
50 156 6
50 159 10
50 161 10
50 162 10
50 163 10
50 174 2
50 178 3
50 181 6
50 183 9
50 186 2
50 188 6
50 4 4
50 24 1
50 37 10
50 39 5
50 40 4
50 43 9
50 47 1
51 53 10
51 57 1
51 59 10
51 62 5
51 68 3
51 74 8
51 75 9
51 78 8
51 81 6
51 82 6
51 84 8
51 93 4
51 94 5
51 95 5
51 101 10
51 102 6
51 111 6
51 118 8
51 121 5
51 124 3
51 137 2
51 141 7
51 151 8
51 155 1
51 158 9
51 163 8
51 165 7
51 168 9
51 187 2
51 191 10
51 3 3
51 18 4
51 27 5
51 29 2
51 30 10
51 46 4
52 53 7
52 58 7
52 59 3
52 63 5
52 66 2
52 69 6
52 70 5
52 83 2
52 89 1
52 90 3
52 91 8
52 96 2
52 102 1
52 110 8
52 112 3
52 114 8
52 117 8
52 121 4
52 122 7
52 131 7
52 137 3
52 145 9
52 163 3
52 168 4
52 170 5
52 171 4
52 173 8
52 184 4
52 186 7
52 187 7
52 188 4
52 192 1
52 6 7
52 8 8
52 11 1
52 12 6
52 21 3
52 28 2
52 30 1
52 32 7
52 37 10
52 40 8
52 41 6
52 43 8
52 51 9
53 55 2
53 58 1
53 74 3
53 77 8
53 81 6
53 83 4
53 88 6
53 91 9
53 93 9
53 95 2
53 96 3
53 97 3
53 100 6
53 101 5
53 104 6
53 110 9
53 120 8
53 123 10
53 124 2
53 127 10
53 129 5
53 133 9
53 138 3
53 141 8
53 143 4
53 146 6
53 148 5
53 151 9
53 158 5
53 5 1
53 8 5
53 10 8
53 14 5
53 21 4
53 38 7
53 49 8
53 52 6
54 59 9
54 66 8
54 92 6
54 93 7
54 95 2
54 96 9
54 104 3
54 109 10
54 128 3
54 145 2
54 151 3
54 152 9
54 153 8
54 155 5
54 157 6
54 163 2
54 164 10
54 165 6
54 167 7
54 170 3
54 174 3
54 183 10
54 185 9
54 1 6
54 6 9
54 9 1
54 21 6
54 24 3
54 25 9
54 26 2
54 29 4
54 39 9
54 40 8
54 41 10
54 44 9
54 45 4
55 60 8
55 61 10
55 66 9
55 76 2
55 80 7
55 85 8
55 93 7
55 95 8
55 105 5
55 108 5
55 118 3
55 131 2
55 135 8
55 136 1
55 154 8
55 156 4
55 176 7
55 178 8
55 181 8
55 182 6
55 184 9
55 186 10
55 188 5
55 190 4
55 194 8
55 196 10
55 1 4
55 8 10
55 10 5
55 11 3
55 12 8
55 13 8
55 21 1
55 27 3
55 37 5
55 39 9
55 44 7
55 54 3
56 70 7
56 76 9
56 79 9
56 90 10
56 92 6
56 99 9
56 106 8
56 112 6
56 123 9
56 129 7
56 132 1
56 148 9
56 149 4
56 162 5
56 163 5
56 171 6
56 179 8
56 182 7
56 184 7
56 187 9
56 188 7
56 190 8
56 196 10
56 0 4
56 4 2
56 8 2
56 12 6
56 18 7
56 20 3
56 31 9
56 38 7
56 41 10
56 44 8
56 49 1
56 50 7
56 51 10
57 62 5
57 67 7
57 68 2
57 70 7
57 71 7
57 75 10
57 80 7
57 81 3
57 82 9
57 84 3
57 88 2
57 95 2
57 99 9
57 101 6
57 103 3
57 104 3
57 112 7
57 119 9
57 121 1
57 123 1
57 124 1
57 128 7
57 132 9
57 146 7
57 147 10
57 151 2
57 153 5
57 154 6
57 156 4
57 158 3
57 162 7
57 164 7
57 165 6
57 169 3
57 172 2
57 175 10
57 176 4
57 177 3
57 181 4
57 184 1
57 190 5
57 194 6
57 1 4
57 4 1
57 6 1
57 9 8
57 17 5
57 18 4
57 23 9
57 24 3
57 33 4
57 42 1
57 43 4
58 64 9
58 69 5
58 70 1
58 72 3
58 74 2
58 75 6
58 85 8
58 90 4
58 99 7
58 101 8
58 102 1
58 104 9
58 115 4
58 129 6
58 144 6
58 146 6
58 153 6
58 155 2
58 157 1
58 161 8
58 163 4
58 165 6
58 172 1
58 176 8
58 184 3
58 186 6
58 193 5
58 0 4
58 1 3
58 7 7
58 8 7
58 12 10
58 16 5
58 24 4
58 25 4
58 38 10
58 43 8
58 56 2
59 60 2
59 61 5
59 63 1
59 70 3
59 76 6
59 77 3
59 81 7
59 84 4
59 100 1
59 103 5
59 110 9
59 113 9
59 115 8
59 116 9
59 120 4
59 129 8
59 130 6
59 133 6
59 137 4
59 141 7
59 145 4
59 150 5
59 151 6
59 152 8
59 156 1
59 158 6
59 160 6
59 164 2
59 168 9
59 169 9
59 177 3
59 181 1
59 198 6
59 1 2
59 4 3
59 11 10
59 18 1
59 20 5
59 22 2
59 26 5
59 28 4
59 32 3
59 33 10
59 39 4
59 40 3
59 46 1
59 47 8
59 57 6
60 65 5
60 72 8
60 78 3
60 81 2
60 84 2
60 102 9
60 106 1
60 107 5
60 111 9
60 112 7
60 116 4
60 132 9
60 137 1
60 139 3
60 154 5
60 170 8
60 172 7
60 176 10
60 177 7
60 182 9
60 195 6
60 197 1
60 198 3
60 5 5
60 7 1
60 9 1
60 10 1
60 11 10
60 19 7
60 23 8
60 26 4
60 27 2
60 29 4
60 31 8
60 40 9
60 43 2
60 44 2
60 54 3
61 64 3
61 69 7
61 71 9
61 84 2
61 90 9
61 93 6
61 95 2
61 96 5
61 99 7
61 102 8
61 104 2
61 112 8
61 113 8
61 116 10
61 119 2
61 122 9
61 137 3
61 139 3
61 140 5
61 151 1
61 157 8
61 159 9
61 161 10
61 169 8
61 182 8
61 183 10
61 191 3
61 195 3
61 198 6
61 3 3
61 4 2
61 9 3
61 12 8
61 14 1
61 18 4
61 26 6
61 40 10
61 42 2
61 46 4
61 57 8
61 58 2
61 60 9
62 64 6
62 74 1
62 76 8
62 79 8
62 81 1
62 82 10
62 96 8
62 100 10
62 102 1
62 104 7
62 105 3
62 108 2
62 109 2
62 112 6
62 113 10
62 119 10
62 120 4
62 122 7
62 124 9
62 128 8
62 130 1
62 135 2
62 139 5
62 140 1
62 155 4
62 157 5
62 159 1
62 162 2
62 174 7
62 177 4
62 179 6
62 184 9
62 189 6
62 192 4
62 198 10
62 15 4
62 22 3
62 23 6
62 30 7
62 39 7
62 42 10
62 44 10
62 52 8
62 55 2
63 67 1
63 69 8
63 70 8
63 83 6
63 85 5
63 88 5
63 90 2
63 98 8
63 100 3
63 103 4
63 107 8
63 110 7
63 111 5
63 113 6
63 114 3
63 122 10
63 123 3
63 128 4
63 136 3
63 155 5
63 160 4
63 162 4
63 164 6
63 169 3
63 170 3
63 173 4
63 175 9
63 177 9
63 183 6
63 186 1
63 191 2
63 195 2
63 0 3
63 4 4
63 7 7
63 9 6
63 10 6
63 12 2
63 18 1
63 19 8
63 21 10
63 25 8
63 28 5
63 34 3
63 39 8
63 41 3
63 45 6
63 46 6
63 48 6
63 56 7
63 60 2
64 73 6
64 76 7
64 79 6
64 80 9
64 81 9
64 87 3
64 92 8
64 94 8
64 98 1
64 110 2
64 111 10
64 113 3
64 115 9
64 119 1
64 125 3
64 133 10
64 136 2
64 143 2
64 145 5
64 147 4
64 171 10
64 178 5
64 192 1
64 195 2
64 3 2
64 4 7
64 14 4
64 16 9
64 18 3
64 24 9
64 35 9
64 36 7
64 37 5
64 44 5
64 50 9
64 53 2
64 54 4
64 60 7
65 73 6
65 75 5
65 85 4
65 89 2
65 92 2
65 97 7
65 102 6
65 103 4
65 106 8
65 107 6
65 113 2
65 115 8
65 119 10
65 128 6
65 134 6
65 138 7
65 139 7
65 143 10
65 151 7
65 155 5
65 156 4
65 166 5
65 174 3
65 182 3
65 184 8
65 189 4
65 191 9
65 8 2
65 22 10
65 23 2
65 26 10
65 35 6
65 36 10
65 46 4
65 48 3
65 49 9
65 52 3
65 53 4
66 70 1
66 81 7
66 83 9
66 85 3
66 90 3
66 94 9
66 95 6
66 101 4
66 108 5
66 127 1
66 128 3
66 130 10
66 145 2
66 146 6
66 147 8
66 149 6
66 166 6
66 172 4
66 174 6
66 176 3
66 190 5
66 193 2
66 195 7
66 7 1
66 13 8
66 25 9
66 27 3
66 28 6
66 34 8
66 35 1
66 48 7
66 60 10
66 62 3
66 65 7
67 85 10
67 89 5
67 94 5
67 96 1
67 104 10
67 105 7
67 109 3
67 117 4
67 119 5
67 121 2
67 122 1
67 128 2
67 132 2
67 137 5
67 145 10
67 157 10
67 159 1
67 163 9
67 165 1
67 170 8
67 172 7
67 197 10
67 198 7
67 0 10
67 8 1
67 13 7
67 14 8
67 15 2
67 28 5
67 29 3
67 31 1
67 36 1
67 37 1
67 39 10
67 52 4
67 54 1
67 57 10
68 77 10
68 78 9
68 80 1
68 87 6
68 89 9
68 92 9
68 93 7
68 96 7
68 102 4
68 104 10
68 108 2
68 119 6
68 124 4
68 125 7
68 128 7
68 130 6
68 137 7
68 140 4
68 146 1
68 147 1
68 151 9
68 155 6
68 159 10
68 169 7
68 174 6
68 176 6
68 181 3
68 183 6
68 186 10
68 190 1
68 196 6
68 197 8
68 199 2
68 3 5
68 9 9
68 13 2
68 18 3
68 27 2
68 30 3
68 33 4
68 34 9
68 36 6
68 50 3
68 56 1
68 60 10
69 74 4
69 76 7
69 84 9
69 86 6
69 100 4
69 102 8
69 107 10
69 108 7
69 109 3
69 116 6
69 118 9
69 120 2
69 123 1
69 126 3
69 128 3
69 132 10
69 139 9
69 141 2
69 142 5
69 144 9
69 149 3
69 158 10
69 160 5
69 166 4
69 175 9
69 178 10
69 179 6
69 180 3
69 186 6
69 187 1
69 189 5
69 2 8
69 8 2
69 12 5
69 19 6
69 20 10
69 26 8
69 28 1
69 29 2
69 35 10
69 36 4
69 44 6
69 49 3
69 50 2
69 57 5
69 62 3
70 72 4
70 91 1
70 94 5
70 97 6
70 99 3
70 104 4
70 105 1
70 108 9
70 109 4
70 117 5
70 119 8
70 140 6
70 145 3
70 148 4
70 150 3
70 152 4
70 153 2
70 159 5
70 160 10
70 161 5
70 163 3
70 165 7
70 167 10
70 173 3
70 181 4
70 186 7
70 193 9
70 197 10
70 0 4
70 9 4
70 10 2
70 13 10
70 17 8
70 26 6
70 28 7
70 31 8
70 38 4
70 63 9
70 66 10
71 75 3
71 81 3
71 84 4
71 95 3
71 105 1
71 119 4
71 125 8
71 128 6
71 131 2
71 132 4
71 133 8
71 134 9
71 141 5
71 142 10
71 146 1
71 153 2
71 178 8
71 180 5
71 181 4
71 185 5
71 197 5
71 199 6
71 1 7
71 2 10
71 12 9
71 13 2
71 17 6
71 21 6
71 24 10
71 31 10
71 41 1
71 42 7
71 52 2
71 54 3
71 55 8
71 60 5
71 62 6
72 77 2
72 78 9
72 82 2
72 86 6
72 89 10
72 96 4
72 105 8
72 113 6
72 125 3
72 127 10
72 128 3
72 144 7
72 147 4
72 148 4
72 151 2
72 155 9
72 164 9
72 169 10
72 174 4
72 177 8
72 178 7
72 182 9
72 187 6
72 188 8
72 190 1
72 192 10
72 193 8
72 194 5
72 2 6
72 8 6
72 11 7
72 13 4
72 14 10
72 21 7
72 23 1
72 27 5
72 32 2
72 33 8
72 34 3
72 36 4
72 38 7
72 46 8
72 48 3
72 64 7
72 69 8
72 70 1
73 76 7
73 94 6
73 102 10
73 104 6
73 114 3
73 117 3
73 118 2
73 120 9
73 127 2
73 131 3
73 132 1
73 135 5
73 143 4
73 153 4
73 162 5
73 164 7
73 169 5
73 171 4
73 178 10
73 182 2
73 186 1
73 188 7
73 191 8
73 4 3
73 5 1
73 7 7
73 11 5
73 12 7
73 16 6
73 19 8
73 26 4
73 27 5
73 31 4
73 32 6
73 39 10
73 42 10
73 49 7
73 52 1
73 53 1
73 54 2
73 57 9
73 61 1
73 66 1
73 69 3
74 75 5
74 86 4
74 91 9
74 92 7
74 100 7
74 102 9
74 103 8
74 104 2
74 105 5
74 111 1
74 112 2
74 119 7
74 120 2
74 121 10
74 126 4
74 128 4
74 135 10
74 140 9
74 141 1
74 143 2
74 146 3
74 148 10
74 152 7
74 158 5
74 161 4
74 171 6
74 174 5
74 186 3
74 191 5
74 192 1
74 194 4
74 195 1
74 2 1
74 3 3
74 4 6
74 7 9
74 8 2
74 16 6
74 17 1
74 23 3
74 34 6
74 35 6
74 41 5
74 42 3
74 44 1
74 47 2
74 48 8
74 49 1
74 54 4
74 58 7
74 59 4
74 66 1
75 79 6
75 84 3
75 100 4
75 101 8
75 106 1
75 112 5
75 113 2
75 114 8
75 118 2
75 127 5
75 131 10
75 145 7
75 148 8
75 164 2
75 169 3
75 170 7
75 174 6
75 175 7
75 180 6
75 185 2
75 186 4
75 187 7
75 191 7
75 3 8
75 11 1
75 13 10
75 17 5
75 21 4
75 29 4
75 42 4
75 50 9
75 55 8
75 59 2
75 62 10
75 73 2
76 80 2
76 82 3
76 84 8
76 90 4
76 91 8
76 96 6
76 97 7
76 100 10
76 101 6
76 103 6
76 111 5
76 115 6
76 116 6
76 119 1
76 123 6
76 125 4
76 129 5
76 139 7
76 148 5
76 152 4
76 153 4
76 156 3
76 160 7
76 172 6
76 173 2
76 174 4
76 181 6
76 191 10
76 193 3
76 0 4
76 2 5
76 4 2
76 7 8
76 13 6
76 14 10
76 21 9
76 39 5
76 51 7
76 61 2
76 63 9
76 64 10
76 65 9
76 73 7
76 74 1
77 83 8
77 85 10
77 97 7
77 113 1
77 118 9
77 127 4
77 135 10
77 140 4
77 143 9
77 146 1
77 148 10
77 159 4
77 160 7
77 166 6
77 170 8
77 177 8
77 178 7
77 189 4
77 194 10
77 197 1
77 199 2
77 2 3
77 3 3
77 16 5
77 17 3
77 21 5
77 29 1
77 53 2
77 56 10
77 66 8
78 79 2
78 95 1
78 97 5
78 100 7
78 104 5
78 106 6
78 110 2
78 114 4
78 116 4
78 118 10
78 128 3
78 129 2
78 136 6
78 137 7
78 139 3
78 145 10
78 147 10
78 158 10
78 160 2
78 170 10
78 178 3
78 181 2
78 186 5
78 192 1
78 1 8
78 4 6
78 20 10
78 27 1
78 32 9
78 34 6
78 47 9
78 53 2
78 57 2
78 61 3
78 67 5
78 70 4
78 72 3
78 74 4
79 80 3
79 91 5
79 92 3
79 96 8
79 104 5
79 113 9
79 115 2
79 118 6
79 120 6
79 122 4
79 123 3
79 127 7
79 128 1
79 135 1
79 148 2
79 155 2
79 157 8
79 159 8
79 163 5
79 166 1
79 172 2
79 181 1
79 184 1
79 195 1
79 2 4
79 10 7
79 11 6
79 14 8
79 19 3
79 30 5
79 35 4
79 37 2
79 44 1
79 47 8
79 48 6
79 55 4
79 66 10
79 70 5
79 72 1
79 76 5
80 83 10
80 84 3
80 85 8
80 89 10
80 90 3
80 91 10
80 92 6
80 116 9
80 120 8
80 122 10
80 124 1
80 130 4
80 139 10
80 141 4
80 145 3
80 150 5
80 151 1
80 159 2
80 166 6
80 168 5
80 170 10
80 178 5
80 180 5
80 188 6
80 190 5
80 191 8
80 1 6
80 5 7
80 6 3
80 24 6
80 26 3
80 27 5
80 29 10
80 31 6
80 38 5
80 43 5
80 57 10
80 58 10
80 67 7
80 73 2
81 83 10
81 89 1
81 92 1
81 103 3
81 107 9
81 109 9
81 118 7
81 119 3
81 121 5
81 125 3
81 130 8
81 136 2
81 139 4
81 146 5
81 147 10
81 151 7
81 155 4
81 161 5
81 181 7
81 183 2
81 186 5
81 189 2
81 190 9
81 191 4
81 1 2
81 11 7
81 15 1
81 21 10
81 25 4
81 28 7
81 31 10
81 32 6
81 38 10
81 40 8
81 45 10
81 68 2
81 69 2
81 74 3
81 78 1
81 79 8
81 80 2
82 83 2
82 86 4
82 89 7
82 91 10
82 98 1
82 104 6
82 108 4
82 109 9
82 111 10
82 114 1
82 119 8
82 123 6
82 125 2
82 128 10
82 137 9
82 143 6
82 150 5
82 151 1
82 162 3
82 175 6
82 179 9
82 193 4
82 194 2
82 195 7
82 1 7
82 15 10
82 21 9
82 35 5
82 36 8
82 38 3
82 40 2
82 42 9
82 50 5
82 53 10
82 54 4
82 55 5
82 69 5
82 75 8
82 77 8
83 86 2
83 90 1
83 100 8
83 103 1
83 109 3
83 110 4
83 113 8
83 115 10
83 117 2
83 136 10
83 142 3
83 144 10
83 146 2
83 148 2
83 151 3
83 155 6
83 169 4
83 172 2
83 180 9
83 181 6
83 185 1
83 196 7
83 0 2
83 6 5
83 18 7
83 22 1
83 24 2
83 29 7
83 37 7
83 40 5
83 58 2
83 59 9
83 61 5
83 63 8
84 89 1
84 90 9
84 91 3
84 98 1
84 100 7
84 102 2
84 110 5
84 111 3
84 112 10
84 114 5
84 116 1
84 118 7
84 123 2
84 124 2
84 128 5
84 130 2
84 141 3
84 145 7
84 150 7
84 151 10
84 152 8
84 155 6
84 164 6
84 166 3
84 168 9
84 178 1
84 181 10
84 189 3
84 194 1
84 198 7
84 5 7
84 6 1
84 10 3
84 13 7
84 15 9
84 24 5
84 29 3
84 34 3
84 46 1
84 50 10
84 53 8
84 56 9
84 62 4
84 64 3
85 93 3
85 94 1
85 99 6
85 100 4
85 103 2
85 108 5
85 113 7
85 121 4
85 124 4
85 127 1
85 128 2
85 139 10
85 165 9
85 166 6
85 168 7
85 179 5
85 186 5
85 189 10
85 193 1
85 198 7
85 0 8
85 2 5
85 11 10
85 15 2
85 22 2
85 23 7
85 24 5
85 27 2
85 33 5
85 43 9
85 65 6
85 68 4
85 84 1
86 87 10
86 94 9
86 100 1
86 103 8
86 107 10
86 109 4
86 116 1
86 121 4
86 132 6
86 133 1
86 138 4
86 145 3
86 152 1
86 156 10
86 158 9
86 159 9
86 174 8
86 175 6
86 176 8
86 177 6
86 178 9
86 189 5
86 191 2
86 197 10
86 198 9
86 0 10
86 4 10
86 22 8
86 24 6
86 25 6
86 33 10
86 34 6
86 38 1
86 43 6
86 44 4
86 50 1
86 59 1
86 60 9
86 62 1
86 69 5
86 77 2
86 82 9
86 84 5
87 90 6
87 98 1
87 104 5
87 107 6
87 109 1
87 117 8
87 124 3
87 130 2
87 132 9
87 136 7
87 146 7
87 187 10
87 194 4
87 12 7
87 17 8
87 28 5
87 36 1
87 40 3
87 45 7
87 47 7
87 48 9
87 49 6
87 50 5
87 55 9
87 66 1
87 73 8
87 75 10
87 80 9
87 82 9
87 83 4
88 98 7
88 99 4
88 113 4
88 115 1
88 118 4
88 122 8
88 123 3
88 127 7
88 135 2
88 140 9
88 159 5
88 160 1
88 163 2
88 165 7
88 170 5
88 173 9
88 179 10
88 180 1
88 183 1
88 198 10
88 2 1
88 4 5
88 5 3
88 14 5
88 19 6
88 31 7
88 38 3
88 53 10
88 55 5
88 56 3
88 61 4
88 68 8
88 75 6
88 80 10
89 90 1
89 92 1
89 95 5
89 97 7
89 102 6
89 107 2
89 111 2
89 127 8
89 133 4
89 140 7
89 142 1
89 145 7
89 151 10
89 158 2
89 159 8
89 163 1
89 168 10
89 172 7
89 180 3
89 182 2
89 184 2
89 185 3
89 187 8
89 189 5
89 191 1
89 194 7
89 197 5
89 4 4
89 6 8
89 7 5
89 9 4
89 24 8
89 26 8
89 42 2
89 43 10
89 47 7
89 55 2
89 58 10
89 63 10
89 68 10
89 72 7
89 84 6
89 88 5
90 97 7
90 108 1
90 110 2
90 111 5
90 125 10
90 129 3
90 130 5
90 132 2
90 137 10
90 141 4
90 145 4
90 152 3
90 155 2
90 157 5
90 160 6
90 165 2
90 169 2
90 173 6
90 176 4
90 185 10
90 188 9
90 193 1
90 194 3
90 11 10
90 13 3
90 15 7
90 16 9
90 17 2
90 26 10
90 31 7
90 33 7
90 34 7
90 37 4
90 40 1
90 48 1
90 49 2
90 50 10
90 56 8
90 62 7
90 73 8
90 77 10
91 95 3
91 97 7
91 100 5
91 104 9
91 111 1
91 113 2
91 115 5
91 116 3
91 118 4
91 124 4
91 127 3
91 128 5
91 137 10
91 138 6
91 148 3
91 152 2
91 160 7
91 169 9
91 172 5
91 176 1
91 193 4
91 197 4
91 11 2
91 15 7
91 24 10
91 38 9
91 41 5
91 51 3
91 55 1
91 61 4
91 66 5
91 69 10
91 72 3
91 73 8
91 74 1
91 81 10
91 84 5
91 86 9
91 88 8
92 99 3
92 100 3
92 104 5
92 106 8
92 111 9
92 112 10
92 118 2
92 123 3
92 133 2
92 155 7
92 159 6
92 170 3
92 172 1
92 175 9
92 180 8
92 191 4
92 196 6
92 0 2
92 1 10
92 4 7
92 7 6
92 14 8
92 20 5
92 21 8
92 24 10
92 31 2
92 33 5
92 35 6
92 48 3
92 50 10
92 54 7
92 58 4
92 59 7
92 61 6
92 67 3
92 68 5
92 69 8
92 73 10
92 78 7
92 84 6
93 96 7
93 106 3
93 107 3
93 117 8
93 118 4
93 120 5
93 123 3
93 124 5
93 131 7
93 137 9
93 140 8
93 143 7
93 144 5
93 146 1
93 148 1
93 153 10
93 154 9
93 173 10
93 174 1
93 176 10
93 177 4
93 184 10
93 187 4
93 194 5
93 197 1
93 199 5
93 3 5
93 6 5
93 9 4
93 13 10
93 16 10
93 19 6
93 32 4
93 33 4
93 40 5
93 44 7
93 45 2
93 51 5
93 54 6
93 55 9
93 56 10
93 61 6
93 68 3
93 82 7
93 92 10
94 96 5
94 97 5
94 107 7
94 114 10
94 116 4
94 118 4
94 125 8
94 132 10
94 135 3
94 143 3
94 147 10
94 152 8
94 153 1
94 156 3
94 177 1
94 179 1
94 181 4
94 186 5
94 187 9
94 188 2
94 197 5
94 1 6
94 6 7
94 7 2
94 8 10
94 12 3
94 13 7
94 20 9
94 24 8
94 35 1
94 38 5
94 42 5
94 56 6
94 60 5
94 61 2
94 64 2
94 67 2
94 81 1
95 96 5
95 97 10
95 102 4
95 104 6
95 106 2
95 114 4
95 115 5
95 129 4
95 138 4
95 143 8
95 144 8
95 145 4
95 152 10
95 153 3
95 157 6
95 159 1
95 161 5
95 168 9
95 176 3
95 177 7
95 178 8
95 181 2
95 192 4
95 14 6
95 17 7
95 18 4
95 21 9
95 23 7
95 34 1
95 42 6
95 52 3
95 55 1
95 56 10
95 59 4
95 65 9
95 67 7
95 68 9
95 71 6
95 88 4
95 94 7
96 98 5
96 100 8
96 104 4
96 105 4
96 108 7
96 117 1
96 119 1
96 123 8
96 124 9
96 131 9
96 138 2
96 145 2
96 152 3
96 156 1
96 158 10
96 162 2
96 165 5
96 167 2
96 170 6
96 186 1
96 191 4
96 196 1
96 7 3
96 10 4
96 26 6
96 28 3
96 43 9
96 53 10
96 57 9
96 65 6
96 68 6
96 69 9
96 85 2
96 93 4
97 101 6
97 113 4
97 118 1
97 119 8
97 120 2
97 122 3
97 128 1
97 129 9
97 133 7
97 135 8
97 136 4
97 154 5
97 156 4
97 160 2
97 161 7
97 163 5
97 166 6
97 177 3
97 186 2
97 194 1
97 196 9
97 199 1
97 0 1
97 1 3
97 11 6
97 12 3
97 15 7
97 20 8
97 24 1
97 26 2
97 37 8
97 45 10
97 56 5
97 60 6
97 64 1
97 67 8
97 69 1
97 73 4
97 74 4
97 80 4
97 93 7
98 101 7
98 103 4
98 106 4
98 108 3
98 114 6
98 118 10
98 127 1
98 145 7
98 146 2
98 148 6
98 151 6
98 158 7
98 159 4
98 160 9
98 167 10
98 179 9
98 180 1
98 186 9
98 187 4
98 195 4
98 197 8
98 4 10
98 16 8
98 25 6
98 31 1
98 38 8
98 43 7
98 49 1
98 52 7
98 54 3
98 61 3
98 63 1
98 66 5
98 74 2
98 75 3
98 82 2
98 88 10
98 96 10
98 97 5
99 105 4
99 114 3
99 124 10
99 125 7
99 126 7
99 130 10
99 141 7
99 150 6
99 152 3
99 153 3
99 157 10
99 161 1
99 170 2
99 172 7
99 174 9
99 176 2
99 181 8
99 190 7
99 195 2
99 6 4
99 9 3
99 11 8
99 13 9
99 15 1
99 21 10
99 22 9
99 25 8
99 26 4
99 28 8
99 30 8
99 33 8
99 40 1
99 72 7
99 74 9
99 78 8
99 84 8
99 90 2
100 102 5
100 114 4
100 117 8
100 119 2
100 124 6
100 129 6
100 130 9
100 131 7
100 133 9
100 134 2
100 140 5
100 143 4
100 145 1
100 146 7
100 147 4
100 158 2
100 165 6
100 171 8
100 176 9
100 178 6
100 182 5
100 186 3
100 198 9
100 11 3
100 26 7
100 37 9
100 40 1
100 49 1
100 54 9
100 64 1
100 71 10
100 78 6
100 89 4
101 104 2
101 107 8
101 108 4
101 109 4
101 111 5
101 112 6
101 116 8
101 123 8
101 124 2
101 135 3
101 140 7
101 146 5
101 150 10
101 157 2
101 161 8
101 164 6
101 167 7
101 168 9
101 169 6
101 170 4
101 175 4
101 187 3
101 192 2
101 196 9
101 4 6
101 8 10
101 19 7
101 23 1
101 26 2
101 27 4
101 37 3
101 46 10
101 47 6
101 51 9
101 54 7
101 62 5
101 70 10
101 71 9
101 84 2
101 92 5
101 99 6
102 107 7
102 137 10
102 139 6
102 151 9
102 152 10
102 159 2
102 160 3
102 161 3
102 163 5
102 164 2
102 168 3
102 174 3
102 175 9
102 177 7
102 182 8
102 188 9
102 192 8
102 193 3
102 196 7
102 1 2
102 9 2
102 10 1
102 14 7
102 15 7
102 21 7
102 25 1
102 27 2
102 31 4
102 33 6
102 46 4
102 47 8
102 54 9
102 58 4
102 61 1
102 63 3
102 66 3
102 68 4
102 69 6
102 70 6
102 71 2
102 84 3
102 90 7
102 96 3
102 98 7
103 115 1
103 116 2
103 121 8
103 122 2
103 123 3
103 125 3
103 127 8
103 136 3
103 139 7
103 167 10
103 172 1
103 175 7
103 188 4
103 189 6
103 192 8
103 1 4
103 9 9
103 20 4
103 25 3
103 26 1
103 29 3
103 34 3
103 39 2
103 41 5
103 45 5
103 49 2
103 50 6
103 57 9
103 58 2
103 62 3
103 67 4
103 68 4
103 74 5
103 84 3
103 88 1
103 92 2
103 94 7
103 99 7
103 100 4
103 102 2
104 112 3
104 117 7
104 120 3
104 123 9
104 131 8
104 132 10
104 139 6
104 142 2
104 143 7
104 144 9
104 156 5
104 168 10
104 169 4
104 172 1
104 173 5
104 174 7
104 178 4
104 185 7
104 198 3
104 2 8
104 4 2
104 12 2
104 21 1
104 22 8
104 27 9
104 31 8
104 32 9
104 43 2
104 58 10
104 71 3
104 73 3
104 82 8
104 87 10
104 90 8
104 91 6
104 95 7
104 97 4
105 111 4
105 116 7
105 118 4
105 130 3
105 135 6
105 137 5
105 139 4
105 144 3
105 155 7
105 159 4
105 171 4
105 172 4
105 182 1
105 185 4
105 187 6
105 188 5
105 190 8
105 0 10
105 14 8
105 16 2
105 18 3
105 21 2
105 23 5
105 24 10
105 29 3
105 40 7
105 43 3
105 51 1
105 58 7
105 75 9
105 79 4
105 81 6
105 86 10
105 87 7
105 88 5
105 89 5
105 91 5
105 103 5
106 109 2
106 113 10
106 119 7
106 128 8
106 139 6
106 145 6
106 146 5
106 147 6
106 151 5
106 157 5
106 161 8
106 164 4
106 178 1
106 186 2
106 188 3
106 195 8
106 7 7
106 9 1
106 10 4
106 23 4
106 26 1
106 29 4
106 38 5
106 42 8
106 51 10
106 52 6
106 54 4
106 59 4
106 64 3
106 69 9
106 75 3
106 76 4
106 79 10
106 87 9
106 98 3
106 104 1
107 108 6
107 113 1
107 126 10
107 136 2
107 139 5
107 145 1
107 160 2
107 163 10
107 170 10
107 183 8
107 192 6
107 16 9
107 21 9
107 26 8
107 28 9
107 48 9
107 49 6
107 68 6
107 69 4
107 71 7
107 90 6
107 93 7
107 99 1
108 113 10
108 125 5
108 130 8
108 141 7
108 143 2
108 151 10
108 152 4
108 156 7
108 157 4
108 165 7
108 167 6
108 175 1
108 181 10
108 182 3
108 183 10
108 188 2
108 190 6
108 9 1
108 16 2
108 17 2
108 18 1
108 19 3
108 33 2
108 37 5
108 48 6
108 51 4
108 65 10
108 68 8
108 72 6
108 75 6
108 79 8
108 82 3
108 87 5
108 91 3
108 93 10
108 96 1
108 98 7
108 105 6
109 112 10
109 114 1
109 122 7
109 140 4
109 145 3
109 146 3
109 162 8
109 168 4
109 179 9
109 181 6
109 183 8
109 184 2
109 188 4
109 196 9
109 1 8
109 5 2
109 9 8
109 12 6
109 17 8
109 39 9
109 47 5
109 48 8
109 50 2
109 53 6
109 57 4
109 62 10
109 89 8
109 92 7
109 93 1
109 95 8
109 97 1
110 117 6
110 122 5
110 127 9
110 131 4
110 132 9
110 134 3
110 146 3
110 147 1
110 151 2
110 164 3
110 172 6
110 190 10
110 191 5
110 1 1
110 6 4
110 10 9
110 20 5
110 24 6
110 33 3
110 37 1
110 39 7
110 47 10
110 50 4
110 55 3
110 70 9
110 77 10
110 84 3
110 87 2
110 89 8
110 95 7
110 102 7
110 106 7
111 119 8
111 121 4
111 127 1
111 131 9
111 135 3
111 139 9
111 140 9
111 153 8
111 155 10
111 159 1
111 173 2
111 175 5
111 182 4
111 184 2
111 186 1
111 187 6
111 191 1
111 195 3
111 196 3
111 198 4
111 2 1
111 5 1
111 9 1
111 15 9
111 17 10
111 20 4
111 22 10
111 35 8
111 36 1
111 39 5
111 41 6
111 43 6
111 44 4
111 46 6
111 50 10
111 55 7
111 56 5
111 59 1
111 61 8
111 72 3
111 73 8
111 74 5
111 75 4
111 84 5
111 91 4
111 96 1
111 97 2
111 100 4
111 104 6
111 105 6
112 115 8
112 121 3
112 136 1
112 143 8
112 145 8
112 146 1
112 157 2
112 158 9
112 162 3
112 168 7
112 173 10
112 175 8
112 176 6
112 177 1
112 180 2
112 187 5
112 188 10
112 191 1
112 193 2
112 199 4
112 14 7
112 23 2
112 28 8
112 30 8
112 31 7
112 34 9
112 35 4
112 40 7
112 47 6
112 56 5
112 57 1
112 63 1
112 66 6
112 73 9
112 80 4
112 87 8
112 92 10
112 93 10
113 114 9
113 119 9
113 121 2
113 123 4
113 126 10
113 142 6
113 147 1
113 159 8
113 160 7
113 162 8
113 164 5
113 171 9
113 175 3
113 197 6
113 199 5
113 13 2
113 23 6
113 26 6
113 30 5
113 35 5
113 38 8
113 42 2
113 50 7
113 56 6
113 68 9
113 80 4
113 81 9
113 82 3
113 86 8
113 88 10
113 89 2
113 90 10
113 96 3
113 99 4
113 101 1
114 118 3
114 119 3
114 127 6
114 128 2
114 131 7
114 140 7
114 141 8
114 145 4
114 157 6
114 158 7
114 162 7
114 164 10
114 166 6
114 169 8
114 175 4
114 182 10
114 191 6
114 194 1
114 195 2
114 197 9
114 6 7
114 7 7
114 8 8
114 10 2
114 11 10
114 16 1
114 22 4
114 28 4
114 33 6
114 35 9
114 37 5
114 44 7
114 50 1
114 51 4
114 58 10
114 63 2
114 68 1
114 72 2
114 74 3
114 77 3
114 82 10
114 84 8
114 87 8
114 89 2
114 92 4
114 98 6
114 101 10
114 107 6
114 109 9
115 119 6
115 122 6
115 125 2
115 131 6
115 133 8
115 134 6
115 173 5
115 179 1
115 185 5
115 188 2
115 195 6
115 197 5
115 0 1
115 2 2
115 9 5
115 12 10
115 15 7
115 19 1
115 22 4
115 24 2
115 26 1
115 29 10
115 33 9
115 39 2
115 40 7
115 41 1
115 44 3
115 50 8
115 51 4
115 57 8
115 60 8
115 70 4
115 74 5
115 79 10
115 84 2
115 89 9
115 94 1
115 100 6
115 102 9
115 108 10
115 109 10
115 114 10
116 119 8
116 124 7
116 125 5
116 128 6
116 130 3
116 134 3
116 144 1
116 145 2
116 152 1
116 156 4
116 159 1
116 162 8
116 169 4
116 170 3
116 179 1
116 187 3
116 191 7
116 196 2
116 4 5
116 6 5
116 17 4
116 23 5
116 24 8
116 25 2
116 27 8
116 29 4
116 30 2
116 31 9
116 32 3
116 40 2
116 54 4
116 56 1
116 59 5
116 64 8
116 67 10
116 73 8
116 83 7
116 90 9
116 97 3
116 98 4
116 101 3
116 110 3
116 111 10
117 118 5
117 120 6
117 126 7
117 127 8
117 128 9
117 133 8
117 140 7
117 153 6
117 154 4
117 160 1
117 163 6
117 173 4
117 179 6
117 182 5
117 183 3
117 187 2
117 189 3
117 192 7
117 199 6
117 0 5
117 9 2
117 28 7
117 34 5
117 42 7
117 47 4
117 50 3
117 57 1
117 64 7
117 75 3
117 80 7
117 82 3
117 83 10
117 86 5
117 87 6
117 88 6
117 112 4
117 113 6
117 115 4
117 116 9
118 121 7
118 126 8
118 129 2
118 131 3
118 133 2
118 139 5
118 144 3
118 150 10
118 152 10
118 156 9
118 159 7
118 165 1
118 170 4
118 178 6
118 179 8
118 182 5
118 191 9
118 194 4
118 12 1
118 25 7
118 36 9
118 39 7
118 43 1
118 48 9
118 52 5
118 55 9
118 57 2
118 60 1
118 63 2
118 67 3
118 71 5
118 72 5
118 79 5
118 90 3
118 94 7
118 102 6
118 116 8
118 117 8
119 127 5
119 128 7
119 130 1
119 132 10
119 135 8
119 140 5
119 150 6
119 163 3
119 164 2
119 175 1
119 176 2
119 196 9
119 4 6
119 8 5
119 10 3
119 18 4
119 27 3
119 29 10
119 31 3
119 32 7
119 35 6
119 39 9
119 40 2
119 43 5
119 49 7
119 54 7
119 60 5
119 62 2
119 65 3
119 66 7
119 68 2
119 70 2
119 86 10
119 90 8
119 91 3
119 97 7
119 99 5
120 121 7
120 123 4
120 128 10
120 138 10
120 141 2
120 153 8
120 156 8
120 157 2
120 162 7
120 163 3
120 170 8
120 183 2
120 185 2
120 186 8
120 0 8
120 4 2
120 6 7
120 9 7
120 12 9
120 16 8
120 26 4
120 30 3
120 34 2
120 39 7
120 46 9
120 53 7
120 73 10
120 74 8
120 77 5
120 94 5
120 98 6
120 99 2
120 101 4
120 102 4
120 105 6
120 114 5
121 125 1
121 131 8
121 135 5
121 138 3
121 139 7
121 145 9
121 149 2
121 151 6
121 154 6
121 158 3
121 159 10
121 161 10
121 165 3
121 167 7
121 178 6
121 180 6
121 193 9
121 197 4
121 5 10
121 6 5
121 7 9
121 8 4
121 14 1
121 15 3
121 17 6
121 27 4
121 28 5
121 29 7
121 35 1
121 38 5
121 46 2
121 49 2
121 51 7
121 53 9
121 57 4
121 62 9
121 66 9
121 71 2
121 86 8
121 100 9
121 109 3
121 118 8
121 119 9
122 129 2
122 130 3
122 132 10
122 135 6
122 137 10
122 138 2
122 147 6
122 150 5
122 174 9
122 178 6
122 181 9
122 182 1
122 185 8
122 191 1
122 192 7
122 196 1
122 198 3
122 5 10
122 8 7
122 11 3
122 14 4
122 15 10
122 17 7
122 22 6
122 30 8
122 31 8
122 35 5
122 41 3
122 42 4
122 46 3
122 47 6
122 52 6
122 59 4
122 68 3
122 80 7
122 90 9
122 92 6
122 93 5
122 104 6
122 105 4
122 114 7
122 115 4
122 118 10
123 126 3
123 131 7
123 140 9
123 141 10
123 142 3
123 146 2
123 150 8
123 152 1
123 158 3
123 162 3
123 181 7
123 182 9
123 184 2
123 193 9
123 195 9
123 199 9
123 3 2
123 5 7
123 6 9
123 15 4
123 16 2
123 21 6
123 22 1
123 40 2
123 50 3
123 51 8
123 53 2
123 64 3
123 66 7
123 69 10
123 70 7
123 79 9
123 80 7
123 96 4
123 104 3
123 114 5
123 116 3
123 117 3
123 118 8
123 120 3
124 141 6
124 146 2
124 147 4
124 158 10
124 159 10
124 178 8
124 184 8
124 186 9
124 189 1
124 192 6
124 195 4
124 2 2
124 6 6
124 7 7
124 10 10
124 11 6
124 16 2
124 20 10
124 27 2
124 32 7
124 50 1
124 56 6
124 60 2
124 67 3
124 75 6
124 76 3
124 82 1
124 91 5
124 96 8
124 101 8
124 102 8
124 103 6
124 111 8
124 121 1
124 122 5
125 126 4
125 135 6
125 148 1
125 153 1
125 154 6
125 163 1
125 169 7
125 175 3
125 178 8
125 180 9
125 185 8
125 189 2
125 191 10
125 13 2
125 23 5
125 24 4
125 33 7
125 34 4
125 36 1
125 38 2
125 42 9
125 43 5
125 47 2
125 51 8
125 52 4
125 54 8
125 55 7
125 77 8
125 80 2
125 82 2
125 89 9
125 91 10
125 92 3
125 102 10
125 114 8
125 119 7
125 122 1
126 127 1
126 132 7
126 135 4
126 154 9
126 155 8
126 156 6
126 162 1
126 163 4
126 171 4
126 180 5
126 183 2
126 185 10
126 191 10
126 198 8
126 3 8
126 5 10
126 14 9
126 16 2
126 24 10
126 31 8
126 34 4
126 35 7
126 36 2
126 41 8
126 43 9
126 45 10
126 50 3
126 65 9
126 76 7
126 84 5
126 89 2
126 91 10
126 107 6
126 109 8
126 110 2
126 112 8
126 114 8
126 120 4
126 123 4
127 140 9
127 150 3
127 151 2
127 165 7
127 170 10
127 171 1
127 175 9
127 176 5
127 177 1
127 179 4
127 185 2
127 1 1
127 5 10
127 7 6
127 14 9
127 15 8
127 26 3
127 29 5
127 37 4
127 39 9
127 40 2
127 48 2
127 52 5
127 53 8
127 59 6
127 74 9
127 77 10
127 83 10
127 99 7
127 102 2
127 108 1
127 111 10
127 113 3
127 116 3
127 120 10
127 121 10
128 135 3
128 148 4
128 151 1
128 155 5
128 162 1
128 163 6
128 168 9
128 174 9
128 176 5
128 181 4
128 193 2
128 197 5
128 3 3
128 29 5
128 32 3
128 37 5
128 38 5
128 53 5
128 59 4
128 60 4
128 62 10
128 64 9
128 65 5
128 66 1
128 69 9
128 92 8
128 98 8
128 103 9
128 109 5
128 113 3
128 116 3
129 138 10
129 141 6
129 150 10
129 153 3
129 157 9
129 161 10
129 164 10
129 169 5
129 171 5
129 179 1
129 180 5
129 188 1
129 189 5
129 192 4
129 194 3
129 0 2
129 12 10
129 22 9
129 25 6
129 26 6
129 39 3
129 43 6
129 48 8
129 52 10
129 55 4
129 56 1
129 62 3
129 63 2
129 71 4
129 80 4
129 83 7
129 85 10
129 86 7
129 88 6
129 90 5
129 97 8
129 104 2
129 108 5
129 111 4
129 117 2
129 120 5
129 123 1
129 125 4
130 131 10
130 134 10
130 146 7
130 155 7
130 159 6
130 162 1
130 165 7
130 171 6
130 176 5
130 177 4
130 178 7
130 190 1
130 192 9
130 1 2
130 22 3
130 27 7
130 32 3
130 33 2
130 34 5
130 36 4
130 39 7
130 46 10
130 53 8
130 66 7
130 67 5
130 69 10
130 72 3
130 77 4
130 78 5
130 84 5
130 91 6
130 94 2
130 100 5
130 101 8
130 105 4
130 108 2
130 112 9
130 119 2
130 120 9
130 121 7
130 126 5
131 143 10
131 144 7
131 148 8
131 152 8
131 161 2
131 168 1
131 178 2
131 181 3
131 182 8
131 184 7
131 188 8
131 196 6
131 197 5
131 11 10
131 20 1
131 26 3
131 27 2
131 30 1
131 31 3
131 33 3
131 39 7
131 40 10
131 42 6
131 44 1
131 49 10
131 53 7
131 62 5
131 63 4
131 66 9
131 70 6
131 74 4
131 76 4
131 90 8
131 95 7
131 96 2
131 98 10
131 109 7
131 125 8
131 128 7
132 135 3
132 137 4
132 139 7
132 142 4
132 165 10
132 172 4
132 182 1
132 183 5
132 184 9
132 185 4
132 189 2
132 195 2
132 4 2
132 5 8
132 8 10
132 14 9
132 15 5
132 21 8
132 25 1
132 34 4
132 37 8
132 44 7
132 45 9
132 47 4
132 57 1
132 58 10
132 60 7
132 62 1
132 69 4
132 71 5
132 78 6
132 79 8
132 87 2
132 92 6
132 94 2
132 102 9
132 104 10
132 107 8
132 108 8
132 109 8
132 121 8
132 123 3
132 130 9
133 134 1
133 135 7
133 137 1
133 145 9
133 152 1
133 155 2
133 168 8
133 177 9
133 178 5
133 189 9
133 193 4
133 2 2
133 3 3
133 4 3
133 6 7
133 9 2
133 18 4
133 27 1
133 30 6
133 32 4
133 42 6
133 43 1
133 48 5
133 50 1
133 52 6
133 67 3
133 68 1
133 71 2
133 75 8
133 80 2
133 81 3
133 83 8
133 86 9
133 96 4
133 100 9
133 105 7
133 108 5
133 112 10
133 122 7
133 124 6
133 126 10
133 127 2
134 138 8
134 142 7
134 151 10
134 152 2
134 154 6
134 155 9
134 156 6
134 161 6
134 174 10
134 182 3
134 183 6
134 194 1
134 2 3
134 3 3
134 5 8
134 7 2
134 14 9
134 24 3
134 35 7
134 39 1
134 42 9
134 46 10
134 48 3
134 58 4
134 59 2
134 66 3
134 68 5
134 77 6
134 82 4
134 91 4
134 96 4
134 100 7
134 101 4
134 103 6
134 110 10
134 111 10
134 112 1
134 118 3
134 120 10
135 147 4
135 150 7
135 154 10
135 157 4
135 165 3
135 172 9
135 184 2
135 193 2
135 197 2
135 198 2
135 1 8
135 6 10
135 7 6
135 9 5
135 15 8
135 21 7
135 23 1
135 24 6
135 29 9
135 31 7
135 32 3
135 45 1
135 56 5
135 57 9
135 58 4
135 60 1
135 64 6
135 66 3
135 68 4
135 77 7
135 80 1
135 81 8
135 90 5
135 91 2
135 98 6
135 104 4
135 117 7
135 123 7
136 138 9
136 141 4
136 160 4
136 164 8
136 167 4
136 175 2
136 187 5
136 191 5
136 2 1
136 4 6
136 17 5
136 21 1
136 23 2
136 29 9
136 35 3
136 38 6
136 48 4
136 51 8
136 53 9
136 54 6
136 56 9
136 62 4
136 70 8
136 78 8
136 84 3
136 93 6
136 106 4
136 107 10
136 109 4
136 117 3
136 122 1
136 125 8
136 127 4
136 135 10
137 141 7
137 142 9
137 155 5
137 157 2
137 158 8
137 159 2
137 161 3
137 168 5
137 180 3
137 182 2
137 184 1
137 190 1
137 196 9
137 2 3
137 7 8
137 12 8
137 16 9
137 21 4
137 22 5
137 25 10
137 26 3
137 32 2
137 37 6
137 44 1
137 60 5
137 66 1
137 83 7
137 96 10
137 106 8
137 122 10
137 123 5
137 124 10
137 126 10
137 133 1
137 134 3
137 135 7
138 139 5
138 141 3
138 147 2
138 148 10
138 157 10
138 176 6
138 178 10
138 184 8
138 187 6
138 190 8
138 195 1
138 197 2
138 8 3
138 10 6
138 16 2
138 21 2
138 24 10
138 26 4
138 29 10
138 34 9
138 39 2
138 52 7
138 53 5
138 55 5
138 70 1
138 76 3
138 78 10
138 79 3
138 80 4
138 84 4
138 90 2
138 93 5
138 94 2
138 100 8
138 103 6
138 125 9
138 126 5
138 128 5
138 129 6
138 133 6
138 134 2
138 137 4
139 149 7
139 163 8
139 169 10
139 171 2
139 175 2
139 178 5
139 181 6
139 182 9
139 184 3
139 186 1
139 188 1
139 190 5
139 191 2
139 197 2
139 198 6
139 12 9
139 24 1
139 30 8
139 49 8
139 52 7
139 60 1
139 61 3
139 65 8
139 71 1
139 72 4
139 73 8
139 74 2
139 80 1
139 83 8
139 87 2
139 92 8
139 98 6
139 106 7
139 107 1
139 108 9
139 120 8
139 123 10
140 147 2
140 149 6
140 152 5
140 156 4
140 172 5
140 181 10
140 184 2
140 185 5
140 188 7
140 189 10
140 195 7
140 0 10
140 1 9
140 2 4
140 7 8
140 14 5
140 22 7
140 30 3
140 31 4
140 32 8
140 36 10
140 38 4
140 41 3
140 43 8
140 53 7
140 55 3
140 57 5
140 61 2
140 64 10
140 65 1
140 66 5
140 68 7
140 79 8
140 85 3
140 89 7
140 92 5
140 95 10
140 96 4
140 101 4
140 105 8
140 113 9
140 115 10
140 119 8
140 128 6
140 139 3
141 147 1
141 148 3
141 156 2
141 157 1
141 162 3
141 165 9
141 169 1
141 170 4
141 179 5
141 180 2
141 182 6
141 188 5
141 193 5
141 194 2
141 197 4
141 1 10
141 9 8
141 12 3
141 15 1
141 16 1
141 18 4
141 23 1
141 34 5
141 35 4
141 39 2
141 40 8
141 46 7
141 47 2
141 51 2
141 55 6
141 62 7
141 64 1
141 71 5
141 77 7
141 87 3
141 101 9
141 108 3
141 109 2
141 115 8
141 119 10
141 120 6
141 128 1
141 131 1
141 132 10
141 137 9
141 138 7
142 145 4
142 146 2
142 151 6
142 152 4
142 158 10
142 165 3
142 188 8
142 191 5
142 193 9
142 195 5
142 3 6
142 5 6
142 7 7
142 8 4
142 13 3
142 18 8
142 21 5
142 25 6
142 28 7
142 32 3
142 40 1
142 42 3
142 44 1
142 56 5
142 61 1
142 63 10
142 66 10
142 77 2
142 78 2
142 80 8
142 87 10
142 94 10
142 98 7
142 103 7
142 116 7
142 134 10
142 136 1
142 140 8
143 146 5
143 152 2
143 158 10
143 163 8
143 164 6
143 166 8
143 169 6
143 170 4
143 177 8
143 186 9
143 193 2
143 196 7
143 197 4
143 198 7
143 14 10
143 19 9
143 21 8
143 24 3
143 27 9
143 44 8
143 50 2
143 55 3
143 58 2
143 63 6
143 65 8
143 69 1
143 73 10
143 74 8
143 76 3
143 82 2
143 91 9
143 102 3
143 108 1
143 109 5
143 111 7
143 112 8
143 114 9
143 120 3
143 130 1
143 131 6
143 134 6
143 138 10
144 148 3
144 149 2
144 152 2
144 153 8
144 159 9
144 162 6
144 164 3
144 165 7
144 168 4
144 180 9
144 191 9
144 195 1
144 8 7
144 16 4
144 18 10
144 19 5
144 29 1
144 31 1
144 35 8
144 36 10
144 48 1
144 53 2
144 54 3
144 61 9
144 69 6
144 72 3
144 76 7
144 80 8
144 82 6
144 84 5
144 91 2
144 97 2
144 102 2
144 103 9
144 104 8
144 107 5
144 115 1
144 117 2
144 128 10
144 129 4
144 135 6
144 139 9
144 140 4
144 143 8
145 147 6
145 149 1
145 150 7
145 151 8
145 156 3
145 161 7
145 162 9
145 169 9
145 170 6
145 191 7
145 192 4
145 195 8
145 7 4
145 13 10
145 15 9
145 16 2
145 20 9
145 25 10
145 26 10
145 29 7
145 30 4
145 31 1
145 35 5
145 42 6
145 47 2
145 51 5
145 52 5
145 60 10
145 61 5
145 62 7
145 82 2
145 89 9
145 109 10
145 110 6
145 111 4
145 112 3
145 120 3
145 125 9
145 129 9
145 133 1
145 144 2
146 149 3
146 152 5
146 157 3
146 161 8
146 171 9
146 172 7
146 174 6
146 177 10
146 180 2
146 186 8
146 188 7
146 190 5
146 8 7
146 13 10
146 14 2
146 19 9
146 25 10
146 40 10
146 41 8
146 43 2
146 45 3
146 47 6
146 48 3
146 52 4
146 54 8
146 56 3
146 59 4
146 68 10
146 70 4
146 72 10
146 77 9
146 86 3
146 87 4
146 90 6
146 94 8
146 99 2
146 100 5
146 104 6
146 126 4
146 127 3
146 129 2
146 134 8
146 136 6
146 137 10
146 138 3
147 152 9
147 153 6
147 155 1
147 162 10
147 164 4
147 166 7
147 169 7
147 173 6
147 186 10
147 189 8
147 196 4
147 5 3
147 6 6
147 7 6
147 8 7
147 12 6
147 22 2
147 24 2
147 26 4
147 29 2
147 38 7
147 49 1
147 51 10
147 52 4
147 55 6
147 58 1
147 63 2
147 65 5
147 70 10
147 76 2
147 77 8
147 78 3
147 79 7
147 94 6
147 98 6
147 104 7
147 110 9
147 113 2
147 114 9
147 122 10
147 131 1
147 137 3
148 151 1
148 157 2
148 165 3
148 167 7
148 169 9
148 171 2
148 178 6
148 180 6
148 187 3
148 190 2
148 195 7
148 198 6
148 10 6
148 29 10
148 32 4
148 45 9
148 52 6
148 55 1
148 61 10
148 63 5
148 66 8
148 78 8
148 80 1
148 82 2
148 84 6
148 90 9
148 96 8
148 99 3
148 103 3
148 114 3
148 122 10
148 124 5
148 130 7
148 136 4
148 140 2
148 141 8
148 142 10
148 147 3
149 159 3
149 165 3
149 173 9
149 191 3
149 193 4
149 0 4
149 8 10
149 16 9
149 22 5
149 28 10
149 30 3
149 32 3
149 43 2
149 44 5
149 48 1
149 59 1
149 64 6
149 65 8
149 74 8
149 78 2
149 83 3
149 84 6
149 87 3
149 90 5
149 92 7
149 97 5
149 101 6
149 108 8
149 115 10
149 120 8
149 127 3
149 129 1
149 132 6
149 133 8
149 134 2
149 138 2
149 139 5
149 141 2
149 142 7
150 153 5
150 159 5
150 169 6
150 170 10
150 173 5
150 178 10
150 182 9
150 3 4
150 4 6
150 6 10
150 11 6
150 17 6
150 28 10
150 41 9
150 43 5
150 45 6
150 46 3
150 47 1
150 53 5
150 64 9
150 75 8
150 76 2
150 81 10
150 90 9
150 99 7
150 115 4
150 118 4
150 119 9
150 127 8
150 128 5
150 131 6
150 143 9
150 146 9
150 148 1
151 166 10
151 169 2
151 183 5
151 184 8
151 195 10
151 0 2
151 12 10
151 15 8
151 34 2
151 47 6
151 49 9
151 55 7
151 57 1
151 66 1
151 83 4
151 84 3
151 85 7
151 87 3
151 90 9
151 95 8
151 108 8
151 111 9
151 113 10
151 136 9
151 140 1
151 146 5
151 148 8
152 153 1
152 157 10
152 158 6
152 160 9
152 167 6
152 177 8
152 179 7
152 2 10
152 20 3
152 22 5
152 24 5
152 38 9
152 48 4
152 53 5
152 55 6
152 72 3
152 74 10
152 77 4
152 82 1
152 87 10
152 97 9
152 99 5
152 100 9
152 101 3
152 102 6
152 104 1
152 110 10
152 113 9
152 114 7
152 116 7
152 123 4
152 124 8
152 129 4
152 132 2
152 137 9
152 143 6
153 154 5
153 162 2
153 167 2
153 174 9
153 185 2
153 192 10
153 194 5
153 196 6
153 9 6
153 13 6
153 17 10
153 20 10
153 21 7
153 27 4
153 33 9
153 40 1
153 45 9
153 53 8
153 58 3
153 59 2
153 68 5
153 79 9
153 90 4
153 96 4
153 97 5
153 106 7
153 109 9
153 111 4
153 114 10
153 115 10
153 123 4
153 126 3
153 127 8
153 130 4
153 132 5
153 140 9
153 150 10
153 151 8
154 156 10
154 164 9
154 171 10
154 175 6
154 180 4
154 181 4
154 191 8
154 199 9
154 1 1
154 5 5
154 8 5
154 13 7
154 16 7
154 18 3
154 25 7
154 38 2
154 40 2
154 51 4
154 52 8
154 54 2
154 60 3
154 62 1
154 63 2
154 65 3
154 66 8
154 80 4
154 82 1
154 83 8
154 99 6
154 105 2
154 117 6
154 123 9
154 128 7
154 129 5
154 130 6
154 136 3
154 139 8
154 140 9
154 143 4
154 153 5
155 159 10
155 163 10
155 164 6
155 165 8
155 166 5
155 172 6
155 175 9
155 178 9
155 183 1
155 184 7
155 187 8
155 191 8
155 197 2
155 4 4
155 5 9
155 6 3
155 10 5
155 14 2
155 23 8
155 25 5
155 26 1
155 27 10
155 29 6
155 33 9
155 35 4
155 36 7
155 38 5
155 43 5
155 53 9
155 64 7
155 66 6
155 96 3
155 98 5
155 107 4
155 109 10
155 110 3
155 114 6
155 121 3
155 123 9
155 124 5
155 132 7
155 137 5
155 140 7
155 150 2
155 151 6
155 152 9
156 168 8
156 170 10
156 171 9
156 172 8
156 173 6
156 174 9
156 179 6
156 181 2
156 184 3
156 188 2
156 190 7
156 196 6
156 198 10
156 1 1
156 4 5
156 11 8
156 15 4
156 17 1
156 19 8
156 20 1
156 21 3
156 22 3
156 26 5
156 29 5
156 30 6
156 34 2
156 35 9
156 37 8
156 40 5
156 54 1
156 59 4
156 63 2
156 81 5
156 83 6
156 105 9
156 106 5
156 117 1
156 126 8
156 133 1
156 137 10
156 138 7
156 145 2
156 151 5
157 175 4
157 185 6
157 188 10
157 192 7
157 198 5
157 1 6
157 7 4
157 8 9
157 14 8
157 17 10
157 23 8
157 24 9
157 28 9
157 33 10
157 34 3
157 38 4
157 39 4
157 46 8
157 55 10
157 63 8
157 64 3
157 65 6
157 67 1
157 68 7
157 69 1
157 70 1
157 73 9
157 74 5
157 84 6
157 88 6
157 92 5
157 100 4
157 105 3
157 110 8
157 112 9
157 116 6
157 128 3
157 136 8
157 139 8
157 141 9
157 148 4
157 151 9
158 162 4
158 163 3
158 164 3
158 172 1
158 185 7
158 187 5
158 191 1
158 6 8
158 8 5
158 14 1
158 17 8
158 21 9
158 33 8
158 43 3
158 47 5
158 48 1
158 50 9
158 53 4
158 62 7
158 63 7
158 68 8
158 79 5
158 83 9
158 98 3
158 101 8
158 105 9
158 109 4
158 114 10
158 115 9
158 116 6
158 119 10
158 130 2
158 136 9
158 145 3
158 150 9
158 151 2
158 152 5
158 155 1
159 161 3
159 164 10
159 169 8
159 185 9
159 190 4
159 192 10
159 0 5
159 7 8
159 12 4
159 14 1
159 15 4
159 18 6
159 19 5
159 26 3
159 33 2
159 37 5
159 38 3
159 50 3
159 63 3
159 68 6
159 80 4
159 83 8
159 87 8
159 89 2
159 95 3
159 102 10
159 105 10
159 109 4
159 111 5
159 115 4
159 118 7
159 124 10
159 128 2
159 131 6
159 139 8
159 152 7
160 161 1
160 166 5
160 170 5
160 182 9
160 188 4
160 190 5
160 196 4
160 198 1
160 9 1
160 10 6
160 15 8
160 16 7
160 17 5
160 20 3
160 22 5
160 33 2
160 34 3
160 42 5
160 48 6
160 50 5
160 61 1
160 62 7
160 63 4
160 68 6
160 71 4
160 75 9
160 76 3
160 77 2
160 93 10
160 98 5
160 101 2
160 103 5
160 104 9
160 105 5
160 109 7
160 115 10
160 123 1
160 125 5
160 126 5
160 129 7
160 132 4
160 141 1
160 150 2
161 162 10
161 170 10
161 172 7
161 174 10
161 180 8
161 183 6
161 189 5
161 193 10
161 197 2
161 199 5
161 2 7
161 7 1
161 8 7
161 10 6
161 19 2
161 22 7
161 36 4
161 42 7
161 47 3
161 59 8
161 67 1
161 68 8
161 71 8
161 78 7
161 83 8
161 91 2
161 99 8
161 100 9
161 101 5
161 108 10
161 111 6
161 112 6
161 114 8
161 115 1
161 130 4
161 133 4
161 135 3
161 138 6
161 139 8
161 140 4
161 143 5
161 147 8
161 154 7
161 155 7
161 156 5
162 164 5
162 168 3
162 169 5
162 177 1
162 179 3
162 183 8
162 186 10
162 195 10
162 198 4
162 199 7
162 0 5
162 1 6
162 7 1
162 15 7
162 17 3
162 22 6
162 25 7
162 27 1
162 32 6
162 36 3
162 44 4
162 61 6
162 72 3
162 73 3
162 74 9
162 75 9
162 77 10
162 85 7
162 91 8
162 92 5
162 105 7
162 109 8
162 110 8
162 117 9
162 121 8
162 126 1
162 135 9
162 139 4
162 142 3
162 152 1
162 154 7
162 155 6
163 170 4
163 174 3
163 175 1
163 176 7
163 178 3
163 179 10
163 183 1
163 188 6
163 193 10
163 194 9
163 195 10
163 199 5
163 0 3
163 19 5
163 23 4
163 29 1
163 30 2
163 31 4
163 44 9
163 45 3
163 49 2
163 54 9
163 55 3
163 59 9
163 61 5
163 65 7
163 72 6
163 83 1
163 102 3
163 106 8
163 119 4
163 120 2
163 132 3
163 135 4
163 143 9
163 149 8
163 158 5
163 159 9
164 165 3
164 167 7
164 170 3
164 171 2
164 173 1
164 175 1
164 181 10
164 182 10
164 184 4
164 190 8
164 198 10
164 2 4
164 3 6
164 12 8
164 15 8
164 26 10
164 29 3
164 31 1
164 33 1
164 36 9
164 38 3
164 48 3
164 60 2
164 72 7
164 84 6
164 111 3
164 120 10
164 122 5
164 125 6
164 128 1
164 132 3
164 135 5
164 138 10
164 139 8
164 142 9
164 143 2
164 148 9
164 149 6
164 153 5
164 154 1
164 162 2
165 167 6
165 180 2
165 185 8
165 189 8
165 192 4
165 197 4
165 0 6
165 5 1
165 10 10
165 15 8
165 36 10
165 40 3
165 41 6
165 43 2
165 45 7
165 52 5
165 54 3
165 56 3
165 59 6
165 67 7
165 68 3
165 70 4
165 72 1
165 79 10
165 86 8
165 100 3
165 101 10
165 109 8
165 113 1
165 121 2
165 127 7
165 141 4
165 148 9
165 157 7
165 159 6
166 167 5
166 12 10
166 17 10
166 23 7
166 32 5
166 38 9
166 47 10
166 53 7
166 60 10
166 61 1
166 62 10
166 76 9
166 77 3
166 78 5
166 80 3
166 81 5
166 86 9
166 87 1
166 88 6
166 92 8
166 100 1
166 109 6
166 113 9
166 114 5
166 122 7
166 131 5
166 143 5
166 154 5
166 161 2
167 170 5
167 174 3
167 178 6
167 181 6
167 182 1
167 194 8
167 195 7
167 199 1
167 2 4
167 5 6
167 9 8
167 10 7
167 11 5
167 12 7
167 20 3
167 22 4
167 27 7
167 33 5
167 43 4
167 48 8
167 49 7
167 56 6
167 65 4
167 67 7
167 72 3
167 80 9
167 85 6
167 88 9
167 91 8
167 99 3
167 115 4
167 124 2
167 125 8
167 127 8
167 130 1
167 133 4
167 134 6
167 138 3
167 142 9
167 144 3
167 145 3
167 146 4
167 151 9
167 152 10
167 153 9
168 176 9
168 179 5
168 192 3
168 197 4
168 4 4
168 7 1
168 30 9
168 31 8
168 35 8
168 39 3
168 45 5
168 46 2
168 61 10
168 68 4
168 78 2
168 79 5
168 90 7
168 91 9
168 102 6
168 105 6
168 107 4
168 109 4
168 115 5
168 117 8
168 118 4
168 123 2
168 132 3
168 135 1
168 146 2
168 164 5
169 171 10
169 176 10
169 183 1
169 189 8
169 0 1
169 6 7
169 17 6
169 21 4
169 24 9
169 32 10
169 36 6
169 46 4
169 50 10
169 51 6
169 52 2
169 55 5
169 56 3
169 59 1
169 60 2
169 63 9
169 64 8
169 69 2
169 70 1
169 75 6
169 77 8
169 78 6
169 82 1
169 84 9
169 86 8
169 91 1
169 93 4
169 94 8
169 100 10
169 102 7
169 104 6
169 105 10
169 106 9
169 113 3
169 115 7
169 116 9
169 118 1
169 120 4
169 121 7
169 124 9
169 128 2
169 132 5
169 141 8
169 146 8
169 147 1
169 150 7
169 158 1
170 171 5
170 176 5
170 177 2
170 189 8
170 4 8
170 11 5
170 21 5
170 22 5
170 23 4
170 26 2
170 37 8
170 40 1
170 42 7
170 55 3
170 60 1
170 74 4
170 79 7
170 81 4
170 85 4
170 89 1
170 97 10
170 99 7
170 101 1
170 111 2
170 119 8
170 120 10
170 125 3
170 139 9
170 140 3
170 142 3
170 151 7
170 152 9
170 153 5
170 160 2
170 169 4
171 174 4
171 185 9
171 189 7
171 190 5
171 199 5
171 6 10
171 8 6
171 13 7
171 22 9
171 23 3
171 50 9
171 55 5
171 63 3
171 67 4
171 70 6
171 73 9
171 77 10
171 78 7
171 87 8
171 90 7
171 92 9
171 93 1
171 97 3
171 98 1
171 100 1
171 108 8
171 112 3
171 125 3
171 127 10
171 128 4
171 129 2
171 141 7
171 149 6
171 150 6
171 151 5
171 153 7
171 157 6
171 159 8
171 164 9
171 166 5
172 174 10
172 180 7
172 182 10
172 1 8
172 3 10
172 12 9
172 17 7
172 19 2
172 21 6
172 24 7
172 33 5
172 37 2
172 41 10
172 42 3
172 50 7
172 53 6
172 55 10
172 58 1
172 60 5
172 63 5
172 72 7
172 75 7
172 82 6
172 90 1
172 92 5
172 93 2
172 109 1
172 110 1
172 112 2
172 118 3
172 120 4
172 124 3
172 125 3
172 128 7
172 134 3
172 142 1
172 144 3
172 145 8
172 148 6
172 150 10
172 151 1
172 154 2
172 158 10
172 165 6
172 168 1
173 181 1
173 182 8
173 187 10
173 188 9
173 191 9
173 192 4
173 195 10
173 196 9
173 199 4
173 1 8
173 4 7
173 12 8
173 22 4
173 29 9
173 35 8
173 41 7
173 42 10
173 44 4
173 49 8
173 50 7
173 56 1
173 73 2
173 75 6
173 76 2
173 78 8
173 80 9
173 93 9
173 99 2
173 101 8
173 109 2
173 115 5
173 117 4
173 120 1
173 140 4
173 142 10
173 144 1
173 150 5
173 153 4
173 161 2
173 166 8
173 167 1
174 178 7
174 190 4
174 195 5
174 4 1
174 8 6
174 11 3
174 22 6
174 27 5
174 29 8
174 34 7
174 37 9
174 41 8
174 48 4
174 53 9
174 54 3
174 58 7
174 88 1
174 95 4
174 100 7
174 103 4
174 116 8
174 121 1
174 129 3
174 138 7
174 145 5
174 147 9
174 148 2
174 156 7
174 158 9
174 172 1
175 179 9
175 181 10
175 182 1
175 184 10
175 188 4
175 190 4
175 10 8
175 14 9
175 29 4
175 31 1
175 39 9
175 41 2
175 45 8
175 47 10
175 48 5
175 49 3
175 51 10
175 52 4
175 55 8
175 56 5
175 61 9
175 62 7
175 64 10
175 83 9
175 85 4
175 105 1
175 106 10
175 110 3
175 112 1
175 117 9
175 126 8
175 135 4
175 142 9
175 150 3
175 157 1
175 158 4
175 160 3
175 163 5
175 173 8
175 174 6
176 177 3
176 183 3
176 188 1
176 190 6
176 193 2
176 6 6
176 10 10
176 14 10
176 19 7
176 30 9
176 33 1
176 41 8
176 43 4
176 48 3
176 55 8
176 60 9
176 65 3
176 71 4
176 92 2
176 94 3
176 107 6
176 128 7
176 132 7
176 137 9
176 138 5
176 142 3
176 143 8
176 146 2
176 150 9
176 162 5
176 165 7
176 167 8
177 179 6
177 187 9
177 189 4
177 196 10
177 197 9
177 198 7
177 4 2
177 17 9
177 19 1
177 21 8
177 28 3
177 34 6
177 35 10
177 38 5
177 41 4
177 43 6
177 44 7
177 56 8
177 59 10
177 77 6
177 81 6
177 86 4
177 88 1
177 102 2
177 103 6
177 105 9
177 113 9
177 117 3
177 123 3
177 127 3
177 131 5
177 140 4
177 144 6
177 145 2
177 154 5
177 165 3
177 171 2
177 172 3
178 182 4
178 187 5
178 191 10
178 192 7
178 194 3
178 195 7
178 4 10
178 20 9
178 26 8
178 37 7
178 39 1
178 47 2
178 49 10
178 51 1
178 52 7
178 54 10
178 69 4
178 75 6
178 79 1
178 81 1
178 87 2
178 92 10
178 93 4
178 96 6
178 103 9
178 106 8
178 109 1
178 111 1
178 143 7
178 149 8
178 161 3
178 171 6
178 175 1
178 177 9
179 180 2
179 181 5
179 182 3
179 184 2
179 185 9
179 189 1
179 0 4
179 3 7
179 7 9
179 9 1
179 11 5
179 13 2
179 15 10
179 16 8
179 22 8
179 25 5
179 37 6
179 52 2
179 56 2
179 57 2
179 61 10
179 64 4
179 65 5
179 66 2
179 70 5
179 81 6
179 86 8
179 95 9
179 99 6
179 107 2
179 108 10
179 113 3
179 122 6
179 125 8
179 128 9
179 141 7
179 144 8
179 145 7
179 150 4
179 160 8
179 167 4
180 184 5
180 185 7
180 187 10
180 190 7
180 194 7
180 2 6
180 7 1
180 9 9
180 13 10
180 15 4
180 20 2
180 29 7
180 33 1
180 39 5
180 47 9
180 56 4
180 71 1
180 74 10
180 78 6
180 104 8
180 107 1
180 113 10
180 116 9
180 117 1
180 127 2
180 129 1
180 136 10
180 137 3
180 143 1
180 162 2
180 164 4
180 172 8
180 173 6
180 175 5
180 176 10
181 183 8
181 186 6
181 193 7
181 195 9
181 198 6
181 2 8
181 6 1
181 7 2
181 10 4
181 14 5
181 24 5
181 26 10
181 31 4
181 39 7
181 44 1
181 60 6
181 69 9
181 72 8
181 80 9
181 88 9
181 91 6
181 100 7
181 104 6
181 105 2
181 139 10
181 142 5
181 145 3
181 152 8
181 154 10
181 156 3
181 159 1
181 164 2
181 174 4
181 177 7
182 183 7
182 191 8
182 193 10
182 195 4
182 2 1
182 3 2
182 4 9
182 5 6
182 10 10
182 12 1
182 27 1
182 32 2
182 34 6
182 35 7
182 53 8
182 60 9
182 68 5
182 76 4
182 77 6
182 78 9
182 80 6
182 81 2
182 82 2
182 98 7
182 114 1
182 129 3
182 131 2
182 148 10
182 153 10
182 171 1
182 177 1
182 179 2
183 184 3
183 3 8
183 4 7
183 12 5
183 21 9
183 27 10
183 32 1
183 37 5
183 43 3
183 46 4
183 49 10
183 55 6
183 61 3
183 66 3
183 69 7
183 71 9
183 72 8
183 75 9
183 76 1
183 80 9
183 84 9
183 85 3
183 87 1
183 88 8
183 97 7
183 102 9
183 114 4
183 115 9
183 117 10
183 135 2
183 136 3
183 143 6
183 144 4
183 147 1
183 152 1
183 156 5
183 172 4
183 173 4
184 189 2
184 191 8
184 196 5
184 197 6
184 198 8
184 199 1
184 2 4
184 5 1
184 6 2
184 10 1
184 15 7
184 19 5
184 25 8
184 31 9
184 32 9
184 37 7
184 45 3
184 47 3
184 48 6
184 53 9
184 55 2
184 56 1
184 57 9
184 69 2
184 73 8
184 77 4
184 79 5
184 84 8
184 87 10
184 88 2
184 91 10
184 96 4
184 103 2
184 118 5
184 121 6
184 123 6
184 135 6
184 138 2
184 141 1
184 147 5
184 149 10
184 151 10
184 153 9
184 154 5
184 157 3
184 162 6
184 164 7
184 169 2
184 176 2
184 177 4
185 188 7
185 196 6
185 2 10
185 3 8
185 13 10
185 17 6
185 21 6
185 25 2
185 29 7
185 30 10
185 38 10
185 43 7
185 45 9
185 48 1
185 49 4
185 50 1
185 60 4
185 68 7
185 79 2
185 80 5
185 81 6
185 82 9
185 90 7
185 94 2
185 97 10
185 98 6
185 104 3
185 112 2
185 114 8
185 119 8
185 136 2
185 139 1
185 143 1
185 154 4
185 158 4
185 162 6
185 164 5
185 171 2
185 178 8
185 180 9
186 198 6
186 2 3
186 8 1
186 11 5
186 18 9
186 38 2
186 39 10
186 49 8
186 52 4
186 62 4
186 71 7
186 76 10
186 81 9
186 82 2
186 87 2
186 88 4
186 97 4
186 102 8
186 109 1
186 111 8
186 112 6
186 114 4
186 117 3
186 123 8
186 128 5
186 129 8
186 130 9
186 147 7
186 150 3
186 154 10
186 156 5
186 176 10
186 181 1
187 188 9
187 189 7
187 193 5
187 2 9
187 4 2
187 7 2
187 21 6
187 31 9
187 35 3
187 38 4
187 40 2
187 41 9
187 43 1
187 49 4
187 58 9
187 64 4
187 68 4
187 73 7
187 74 2
187 75 4
187 79 7
187 95 7
187 97 5
187 101 8
187 104 6
187 109 2
187 114 4
187 117 10
187 120 9
187 124 3
187 130 1
187 132 1
187 135 5
187 144 3
187 147 6
187 159 10
187 162 4
187 165 3
187 166 2
187 172 10
187 182 10
188 189 3
188 194 8
188 195 3
188 0 7
188 13 9
188 17 3
188 23 5
188 25 9
188 43 9
188 48 3
188 54 2
188 63 10
188 64 4
188 66 3
188 72 3
188 83 7
188 88 1
188 94 3
188 95 1
188 97 2
188 112 7
188 117 10
188 119 7
188 120 5
188 129 4
188 134 4
188 137 3
188 140 9
188 150 4
188 160 6
188 162 10
188 168 8
188 169 8
188 170 7
188 184 9
189 190 1
189 191 8
189 192 8
189 199 6
189 3 3
189 8 6
189 9 1
189 15 4
189 30 7
189 34 3
189 59 7
189 63 5
189 71 4
189 75 2
189 85 1
189 100 10
189 103 7
189 105 1
189 113 3
189 115 4
189 116 7
189 117 5
189 119 8
189 124 10
189 130 8
189 132 4
189 140 1
189 148 1
189 152 3
189 154 5
189 158 1
189 159 1
189 160 8
189 164 5
189 165 9
189 166 8
189 172 1
189 174 6
189 178 3
189 179 5
189 180 3
189 181 3
189 185 4
189 188 1
190 192 1
190 196 10
190 2 5
190 3 3
190 11 9
190 15 9
190 24 9
190 44 10
190 53 5
190 65 6
190 69 5
190 73 8
190 75 3
190 79 9
190 82 3
190 90 8
190 91 3
190 93 7
190 96 2
190 107 8
190 112 1
190 115 4
190 116 4
190 117 4
190 126 8
190 145 7
190 148 1
190 150 5
190 152 2
190 158 10
190 165 9
190 172 10
190 173 3
190 174 10
190 175 7
190 176 1
190 180 2
190 185 5
190 188 5
190 189 2
191 192 2
191 196 1
191 5 10
191 9 10
191 11 1
191 13 5
191 14 4
191 20 7
191 21 5
191 22 2
191 26 1
191 36 9
191 47 10
191 55 6
191 59 4
191 63 10
191 65 5
191 68 3
191 80 9
191 109 9
191 120 10
191 122 6
191 125 9
191 128 6
191 133 1
191 136 5
191 137 6
191 141 5
191 142 7
191 149 3
191 157 9
191 166 5
191 173 1
191 175 3
191 182 1
191 187 8
192 193 1
192 194 5
192 2 6
192 13 3
192 23 10
192 29 8
192 36 2
192 39 8
192 40 5
192 41 3
192 42 6
192 54 5
192 60 10
192 62 10
192 64 9
192 77 1
192 78 8
192 90 5
192 96 4
192 97 8
192 98 8
192 104 8
192 105 3
192 106 10
192 108 6
192 128 9
192 129 10
192 135 4
192 139 10
192 154 10
192 160 5
192 162 2
192 163 8
192 164 2
192 166 5
192 171 10
192 177 9
192 182 2
192 185 7
193 194 7
193 195 6
193 196 9
193 198 2
193 199 1
193 3 6
193 4 3
193 12 7
193 15 7
193 17 10
193 22 4
193 31 4
193 34 5
193 41 9
193 43 4
193 48 10
193 56 6
193 62 10
193 64 10
193 72 3
193 77 3
193 79 9
193 87 10
193 89 5
193 96 7
193 101 3
193 103 9
193 104 1
193 106 10
193 110 10
193 116 8
193 118 6
193 142 4
193 149 5
193 160 8
193 174 1
193 176 6
193 183 10
193 187 2
194 196 7
194 7 9
194 13 2
194 18 2
194 22 3
194 32 8
194 40 8
194 45 2
194 48 9
194 57 3
194 58 8
194 66 5
194 69 6
194 71 8
194 75 9
194 82 1
194 96 6
194 101 1
194 104 4
194 106 3
194 108 10
194 109 8
194 111 1
194 121 10
194 143 10
194 150 7
194 156 5
194 157 5
194 158 9
194 165 2
194 166 7
194 168 10
194 171 1
194 179 10
194 186 10
195 198 1
195 0 8
195 9 3
195 15 7
195 24 4
195 30 10
195 31 4
195 40 8
195 43 6
195 46 4
195 49 10
195 55 5
195 59 2
195 60 7
195 62 10
195 73 4
195 79 6
195 81 8
195 91 7
195 93 10
195 95 5
195 106 4
195 122 1
195 123 3
195 124 7
195 125 8
195 128 9
195 131 10
195 137 6
195 153 1
195 161 5
195 162 10
195 164 10
195 167 1
195 173 10
195 181 6
195 182 2
195 187 2
195 189 2
196 3 5
196 10 6
196 13 8
196 14 10
196 16 7
196 18 2
196 19 3
196 27 2
196 28 10
196 29 4
196 31 1
196 32 10
196 38 4
196 39 1
196 42 3
196 46 3
196 52 7
196 55 2
196 57 9
196 60 7
196 73 9
196 76 9
196 85 7
196 86 9
196 88 3
196 91 2
196 99 3
196 101 4
196 104 5
196 118 1
196 120 9
196 133 3
196 144 8
196 145 7
196 153 10
196 155 3
196 158 2
196 160 10
196 161 7
196 169 2
196 173 9
196 175 2
196 177 10
196 179 8
196 180 1
196 182 1
196 188 1
196 189 9
196 190 8
196 193 9
196 195 7
197 2 9
197 4 2
197 32 5
197 39 9
197 42 8
197 50 2
197 54 6
197 55 2
197 58 3
197 60 2
197 62 7
197 72 7
197 75 7
197 78 5
197 86 4
197 88 8
197 95 7
197 99 4
197 105 5
197 116 1
197 120 3
197 121 4
197 130 9
197 132 5
197 134 3
197 138 7
197 143 2
197 144 10
197 148 8
197 153 4
197 154 1
197 162 7
197 165 3
197 182 2
197 184 5
197 195 10
198 199 2
198 0 7
198 6 9
198 19 9
198 22 10
198 31 1
198 33 1
198 36 9
198 40 2
198 41 2
198 51 9
198 55 8
198 57 5
198 60 6
198 61 7
198 64 8
198 66 8
198 73 7
198 74 9
198 85 7
198 89 7
198 90 8
198 101 4
198 103 2
198 108 10
198 111 6
198 130 5
198 132 4
198 134 1
198 137 1
198 151 8
198 152 1
198 160 10
198 172 9
198 183 2
198 186 1
198 195 3
198 196 2
199 4 9
199 11 6
199 12 7
199 16 5
199 22 5
199 27 4
199 33 10
199 34 2
199 40 5
199 42 7
199 52 5
199 61 6
199 63 9
199 66 6
199 69 6
199 75 9
199 79 6
199 82 8
199 89 6
199 91 9
199 105 3
199 106 9
199 109 5
199 111 3
199 121 2
199 122 10
199 127 2
199 128 10
199 129 8
199 142 3
199 143 4
199 144 2
199 152 6
199 156 6
199 159 10
199 166 7
199 170 8
199 173 8
199 180 8
199 193 5
199 194 4
199 195 6
